Varroa Population Simulation - May 03,2018  07:40:03 PM
VarroaPop Version 3.2.8.12 March 2018

                                        Capped  Capped                                                                      Prop           Conc          Conc                                             
            Colony  Adult  Adult         Drone   Wkr    Drone  Wkr    Drone  Wkr  Free   DBrood WBrood DMite  WMite  Mites  Mites  Colony Pollen Colony Nectar   Dead   Dead   Dead   Dead   Dead    Queen      Ave
     Date   Size   Drones   Wkr   Forgrs Brood  Brood   Larv   Larv    Eggs  Eggs Mites  Mites  Mites  /Cell  /Cell  Dying  Dying  Pollen  Pest  Nectar  Pest    DLarv  WLarv  DAdlt  WAdlt  Forgrs  Strength   Temp   Rain
Initial      7500      0   4242   2250      0  11500      0   7000      0   6000      0      0      0   0.00   0.00      0   0.00    0.0  0.000    0.0  0.000      0      0      0      0      0      3.000    0.000  0.000
05/12/1989   8182      0   4924   2454      0  12016      0   7600      3   4408      0      0      0   0.00   0.00      0   0.00 10000.0  0.000 30000.0  0.000      0      0      0      0      0      3.000   13.100  0.000
05/13/1989   8864      0   5606   2659      0  12532      0   8200      7   2872      0      0      0   0.00   0.00      0   0.00 10318.1  0.000 30963.0  0.000      0      0      0      0      0      3.000   15.500  0.000
05/14/1989   9546      0   6288   2863      0  13048      0   8800     11   1381      0      0      0   0.00   0.00      0   0.00 10658.9  0.000 32001.0  0.000      0      0      0      0      0      3.000   17.600  0.000
05/15/1989  10430      0   6970   3129      0  13564      3   7808     12   1488      0      0      0   0.00   0.00      0   0.00 10625.6  0.000 31920.0  0.000      0      0      0      0      0      3.000   17.900  0.228
05/16/1989  11112      0   7652   3333      0  14080      7   6872     13   1529      0      0      0   0.00   0.00      0   0.00 11030.0  0.000 33131.2  0.000      0      0      0      0      0      3.000   16.700  0.000
05/17/1989  11794      0   8334   3460      0  15196     11   5381     14   1553      0      0      0   0.00   0.00      0   0.00 11434.8  0.000 33465.4  0.000      0      0      0      0      0      3.000   18.000  0.000
05/18/1989  12476      0   9016   3460      0  16312     15   3896     15   1625      0      0      0   0.00   0.00      0   0.00 11839.1  0.000 33837.8  0.000      0      0      0      0      0      3.000   20.700  0.000
05/19/1989  13158      0   9698   3460      0  17428     20   2401     15   1701      0      0      0   0.00   0.00      0   0.00 12245.6  0.000 34356.9  0.000      0      0      0      0      0      3.000   20.400  0.000
05/20/1989  13840      0  10380   3460      0  16952     25   2526     15   1766      0      0      0   0.00   0.00      0   0.00 12648.3  0.000 34825.4  0.000      0      0      0      0      0      3.000   21.300  0.020
05/21/1989  14522      0  11062   3460      0  16532     30   2649     15   1793      0      0      0   0.00   0.00      0   0.00 13047.5  0.000 35246.7  0.000      0      0      0      0      0      3.000   22.200  0.000
05/22/1989  15204      0  11744   3460      3  16157     32   2721     15   1838      0      0      0   0.00   0.00      0   0.00 13445.5  0.000 35571.9  0.000      0      0      0      0      0      3.000   22.900  0.020
05/23/1989  16088      0  12426   3662      7  15788     33   2804     15   1851      0      0      0   0.00   0.00      0   0.00 13386.4  0.000 33963.6  0.000      0      0      0      0      0      3.000   22.000  0.201
05/24/1989  16778      0  13116   3662     11  15401     34   2913     16   1837      0      0      0   0.00   0.00      0   0.00 13808.1  0.000 34168.3  0.000      0      0      0      0      0      3.000   20.500  0.000
05/25/1989  17976      0  14314   3662     15  14534     35   3006     17   1875      0      0      0   0.00   0.00      0   0.00 14225.8  0.000 34240.2  0.000      0      0      0      0      0      3.000   24.100  0.000
05/26/1989  19174      0  15512   3662     20  13721     35   3030     19   1965      0      0      0   0.00   0.00      0   0.00 14639.8  0.000 34185.6  0.000      0      0      0      0      0      3.000   26.600  0.000
05/27/1989  20372      0  16710   3662     25  12902     36   3049     20   2047      0      0      0   0.00   0.00      0   0.00 15049.9  0.000 34001.5  0.000      0      0      0      0      0      3.000   25.300  0.000
05/28/1989  21570      0  17908   3662     30  12100     37   3115     19   1952      0      0      0   0.00   0.00      0   0.00 15456.3  0.000 33688.4  0.000      0      0      0      0      0      3.000   18.900  0.000
05/29/1989  22742      0  19106   3636     35  11314     39   3202     17   1830      0      0      0   0.00   0.00      0   0.00 15855.5  0.000 33238.0  0.000      0      0      0      0      0      3.000   19.400  0.000
05/30/1989  24540      0  20904   3636     40   9940     41   3258     16   1787      0      0      0   0.00   0.00      0   0.00 16248.0  0.000 32627.1  0.000      0      0      0      0      0      3.000   22.700  0.000
05/31/1989  26338      0  22702   3636     45   8551     41   3216     18   1895      0      0      0   0.00   0.00      0   0.00 16633.7  0.000 31852.0  0.000      0      0      0      0      0      3.000   25.100  0.000
06/01/1989  27934      0  24500   3434     50   7151     41   3195     20   2031      0      0      0   0.00   0.00      0   0.00 16987.3  0.000 30923.0  0.000      0      0      0      0      0      3.000   27.800  0.000
06/02/1989  28140      0  24024   4116     55   7407     42   3170     20   2072      0      0      0   0.00   0.00      0   0.00 17431.7  0.000 30280.1  0.000      0      0      0      0      0      3.000   26.700  0.142
06/03/1989  28402      0  23604   4798     61   7644     43   3146     22   2124      0      0      0   0.00   0.00      0   0.00 17967.3  0.000 29930.9  0.000      0      0      0      0      0      3.000   25.700  0.000
06/04/1989  28911      0  23229   5682     67   7817     44   3179     26   2199      0      0      0   0.00   0.00      0   0.00 17873.5  0.000 26942.6  0.000      0      0      0      0      0      3.000   26.100  0.921
06/05/1989  29429      3  22860   6566     71   7871     43   3290     34   2330      0      0      0   0.00   0.00      0   0.00 17781.7  0.000 23806.7  0.000      0      0      0      0      0      3.000   23.900  1.319
06/06/1989  29938      7  22481   7450     74   7945     45   3440     42   2428      0      0      0   0.00   0.00      0   0.00 17691.7  0.000 20518.2  0.000      0      0      0      0      0      3.000   22.300  0.409
06/07/1989  30273     11  22130   8132     75   8051     51   3591     49   2492      0      0      0   0.00   0.00      0   0.00 18674.4  0.000 21358.8  0.000      0      0      0      0      0      3.000   21.600  0.000
06/08/1989  30662     15  21833   8814     76   8141     60   3725     56   2594      0      0      0   0.00   0.00      0   0.00 18745.6  0.000 22432.2  0.000      0      0      0      0      0      3.000   22.800  0.098
06/09/1989  31248     20  21530   9374     77   8275     71   3837     62   2743      0      0      0   0.00   0.00      0   0.00 18663.3  0.000 18700.3  0.000      0      0      0      0      0      3.000   24.200  0.402
06/10/1989  31649     25  21244   9494     79   8357     82   4011     71   2909      0      0      0   0.00   0.00      0   0.00 18741.5  0.000 19754.5  0.000      0      0      0      0      0      3.000   24.600  0.000
06/11/1989  32066     30  20974   9619     81   8472     96   4195     76   2973      0      0      0   0.00   0.00      0   0.00 18816.5  0.000 20694.2  0.000      0      0      0      0      0      3.000   21.900  0.000
06/12/1989  32293     35  20716   9687     82   8636    113   4381     81   3010      0      0      0   0.00   0.00      0   0.00 18887.4  0.000 21649.1  0.000      0      0      0      0      0      3.000   22.400  0.110
06/13/1989  32707     40  20443   9812     86   8836    131   4590     86   3089      0      0      0   0.00   0.00      0   0.00 18955.0  0.000 22618.2  0.000      0      0      0      0      0      3.000   25.100  0.012
06/14/1989  33110     45  20151   9933     92   9063    146   4740     94   3276      0      0      0   0.00   0.00      0   0.00 19019.2  0.000 23664.0  0.000      0      0      0      0      0      3.000   26.900  0.000
06/15/1989  33779     50  19415  10133    101   9253    160   4899    102   3435      0      0      0   0.00   0.00      0   0.00 18939.1  0.000 19420.6  0.000      0      0      0      0      0      3.000   26.300  0.358
06/16/1989  34485     55  18716  10345    113   9465    175   5085    105   3436      0      0      0   0.00   0.00      0   0.00 18856.8  0.000 15081.8  0.000      0      0      0      0      0      3.000   22.200  0.618
06/17/1989  35173     61  17998  10551    125   9759    191   5273    109   3393      0      0      0   0.00   0.00      0   0.00 18772.7  0.000 10652.8  0.000      0      0      0      0      0      3.000   21.800  0.280
06/18/1989  35546     67  17167  10663    140  10210    206   5425    116   3445      0      0      0   0.00   0.00      0   0.00 18853.7  0.000 11747.8  0.000      0      0      0      0      0      3.000   24.100  0.000
06/19/1989  35930     74  16346  10779    156  10608    218   5548    127   3626      0      0      0   0.00   0.00      0   0.00 18930.2  0.000 12922.6  0.000      0      0      0      0      0      3.000   25.200  0.000
06/20/1989  36576     81  14985  10972    176  10982    229   5656    135   3740      0      0      0   0.00   0.00      0   0.00 18843.9  0.000 8357.2  0.000      0      0      0      0      0      3.000   22.900  0.319
06/21/1989  37258     86  13662  11177    197  11404    246   5781    142   3788      0      0      0   0.00   0.00      0   0.00 18756.0  0.000 3690.5  0.000      0      0      0      0      0      3.000   22.900  0.752
06/22/1989  37776     91  12377  11332    220  11853    264   5898    151   3875      0      0      0   0.00   0.00      0   0.00 18843.1  0.000 4662.0  0.000      0      0      0      0      0      3.000   24.800  0.000
06/23/1989  38462     97  12649  11538    246  12345    278   5961    163   4029      0      0      0   0.00   0.00      0   0.00 18750.2  0.000    0.0  0.000      0      0      0      0      0      3.000   24.600  0.559
06/24/1989  38996    104  12914  11698    273  12716    294   6133    171   4139      0      0      0   0.00   0.00      0   0.00 18840.5  0.000 1016.9  0.000      0      0      0      0      0      3.000   24.200  0.161
06/25/1989  39591    111  13195  11877    302  13047    313   6380    175   4171      0      0      0   0.00   0.00      0   0.00 18925.6  0.000 2036.6  0.000      0      0      0      0      0      3.000   24.600  0.000
06/26/1989  40203    114  13491  12060    331  13460    336   6545    179   4251      0      0      0   0.00   0.00      0   0.00 19005.6  0.000 3066.0  0.000      0      0      0      0      0      3.000   26.700  0.000
06/27/1989    100      0    100      0    360  13914    356   6646    185   4372      0      0      0   0.00   0.00      0   0.00 19080.9  0.000 4122.1  0.049      0      0    119  13706  26901      3.000   27.800  0.000
06/28/1989    745      0    745      0    392  14295    372   6811    126   2972      0      0      0   0.00   0.00      0   0.00 19067.7  0.000 3792.2  0.048      0      0     11    209      0      3.000   25.500  0.831
06/29/1989   1439      0   1439      0    424  14654    388   7008     64   1503      0      0      0   0.00   0.00      0   0.00 19050.7  0.000 3404.1  0.048      0      0     14    219      0      3.000   24.400  0.012
06/30/1989   2190      0   2190      0    453  15046    406   7143      0      0      0      0      0   0.00   0.00      0   0.00 19029.7  0.000 2964.7  0.047      0      0     17    225      0      3.000   22.000  0.000
07/01/1989   2990      0   2990      0    485  15415    356   5754      0      0      0      0      0   0.00   0.00      0   0.00 19005.0  0.000 2482.9  0.045      0      0     18    220      0      3.000   21.700  0.000
07/02/1989   3780      0   3780      0    519  15820    301   4372      0      0      0      0      0   0.00   0.00      0   0.00 18976.6  0.000 1955.8  0.042      0      0     21    187      0      3.000   22.800  0.000
07/03/1989   4641      0   4641      0    554  16207    243   2972      0      0      0      0      0   0.00   0.00      0   0.00 18943.9  0.000 1375.4  0.034      0      0     23    152      0      3.000   24.000  0.000
07/04/1989   5657      1   5656      0    585  16577    185   1503      0      0      0      0      0   0.00   0.00      0   0.00 18909.4  0.000  815.0  0.018      0      0     26     84      0      3.000   25.500  0.031
07/05/1989   6823     11   6812      0    618  16916    126      0      0      0      0      0      0   0.00   0.00      0   0.00 18875.1  0.000  377.0  0.000      0      0     16      8      0      3.000   24.300  0.209
07/06/1989   8023     39   7984      0    652  15744     64      0      0      0      0      0      0   0.00   0.00      0   0.00 18835.2  0.000    0.0  0.000      0      0      0      0      0      3.000   25.100  0.461
07/07/1989   9155     71   9084      0    684  14644      0      0      0      0      0      0      0   0.00   0.00      0   0.00 18790.1  0.000    0.0  0.000      0      0      0      0      0      3.000   25.100  0.260
07/08/1989  10310    105  10205      0    650  13523      0      0      0      0      0      0      0   0.00   0.00      0   0.00 18741.6  0.000    0.0  0.000      0      0      0      0      0      3.000   26.400  0.000
07/09/1989  11568    140  11421      7    614  12299      0      0      0      0      0      0      0   0.00   0.00      0   0.00 18689.2  0.000    0.0  0.000      0      0      1      0      1      3.000   26.200  0.000
07/10/1989  12882    174  12694     14    579  11018      0      0      0      2      0      0      0   0.00   0.00      0   0.00 18632.9  0.000    0.0  0.000      0      0      1      0      1      3.000   28.000  0.000
07/11/1989  14152    211  13919     22    541   9783      0      0      0      7      0      0      0   0.00   0.00      0   0.00 18573.1  0.000    0.0  0.000      0      0      1      1      1      3.000   29.200  0.000
07/12/1989  15464    253  15180     31    498   8511      0      0      0     16      0      0      0   0.00   0.00      0   0.00 18509.6  0.000    0.0  0.000      0      0      1      1      1      3.000   26.800  0.000
07/13/1989  16878    299  16538     41    452   7143      0      2      0     26      0      0      0   0.00   0.00      0   0.00 18442.0  0.000    0.0  0.000      0      0      0      0      0      3.000   24.100  1.299
07/14/1989  18310    344  17916     50    406   5754      0      7      0     38      0      0      0   0.00   0.00      0   0.00 18377.5  0.000    0.0  0.000      0      0      1      1      1      3.000   24.300  0.000
07/15/1989  19742    394  19288     60    356   4372      0     16      0     50      0      0      0   0.00   0.00      0   0.00 18303.3  0.000    0.0  0.000      0      0      0      0      0      3.000   25.000  0.480
07/16/1989  21197    449  20677     71    301   2972      0     28      0     62      0      0      0   0.00   0.00      0   0.00 18225.9  0.000    0.0  0.000      0      0      0      0      0      3.000   23.000  0.630
07/17/1989  22724    507  22134     83    243   1503      0     45      0     72      0      0      0   0.00   0.00      0   0.00 18144.8  0.000    0.0  0.000      0      0      0      0      0      3.000   20.900  0.299
07/18/1989  24282    564  23624     94    185      2      0     64      0     84      0      0      0   0.00   0.00      0   0.00 18073.4  0.000    0.0  0.000      0      0      1      1      1      3.000   22.800  0.000
07/19/1989  23649    566  22979    104    126      7      0     83      0     99      0      0      0   0.00   0.00      0   0.00 18075.1  0.000    0.0  0.000      0      0     57      0    635      3.000   24.600  0.079
07/20/1989  22963    567  22285    111     64     16      0    101      0    114      0      0      0   0.00   0.00      0   0.00 18078.0  0.000    0.0  0.000      0      0     61      0    686      3.000   23.900  0.039
07/21/1989  22220    568  21534    118      0     28      0    122      0    126      0      0      0   0.00   0.00      0   0.00 18082.3  0.000    0.0  0.000      0      0     63      0    744      3.000   24.400  0.000
07/22/1989  21425    568  20734    123      0     45      0    144      0    136      0      0      0   0.00   0.00      0   0.00 18087.8  0.000    0.0  0.000      0      0      0      0    795      3.000   24.800  0.000
07/23/1989  20640    568  19944    128      0     66      0    165      0    146      0      0      0   0.00   0.00      0   0.00 18093.8  0.000    0.0  0.000      0      0      0      0    785      3.000   26.200  0.000
07/24/1989  20640    568  19083    989      0     90      0    186      0    157      0      0      0   0.00   0.00      0   0.00 18042.2  0.000    0.0  0.000      0      0      0      0      0      3.000   27.500  0.350
07/25/1989  19624    567  18068    989      0    117      0    208      0    423      0      0      0   0.00   0.00      0   0.00 18063.5  0.000    0.0  0.000      0      0      0      0   1015      3.000   26.200  0.000
07/26/1989  18458    557  16912    989      0    150      0    227      0    688      0      0      0   0.00   0.00      0   0.00 18086.9  0.000    0.0  0.000      0      0      0      0   1156      3.000   26.600  0.150
07/27/1989  18430    529  15740   2161      0    189      0    244      0    933      0      0      0   0.00   0.00      0   0.00 18053.2  0.000    0.0  0.000      0      0      0      0      0      3.000   24.200  0.421
07/28/1989  17298    497  14640   2161      0    231      0    517      1   1144      0      0      0   0.00   0.00      0   0.00 18092.2  0.000    0.0  0.000      0      0      0      0   1100      3.000   26.200  0.000
07/29/1989  16143    463  13519   2161      0    276      0    789      2   1328      0      0      0   0.00   0.00      0   0.00 18130.8  0.000    0.0  0.000      0      0      0      0   1121      3.000   24.000  0.000
07/30/1989  14884    428  12295   2161      0    325      0   1041      3   1531      0      0      0   0.00   0.00      0   0.00 18170.2  0.000    0.0  0.000      0      0      0      0   1224      3.000   24.300  0.000
07/31/1989  14852    394  11016   3442      0    375      1   1515      3   1526      0      0      0   0.00   0.00      0   0.00 18146.9  0.000    0.0  0.000      0      0      0      0      0      3.000   25.800  0.752
08/01/1989  13574    357   9782   3435      0    426      2   1960      7   1674      0      0      0   0.00   0.00      0   0.00 18198.9  0.000  340.5  0.190      0      0      0      5   1234      3.000   24.200  0.012
08/02/1989  12261    315   8511   3435      0    732      3   2149     11   1805      0      0      0   0.00   0.00      0   0.00 18177.0  0.000    0.0  0.000      0      0      0      9   1271      3.000   23.400  0.358
08/03/1989  10840    269   7143   3252      0   1037      4   2353     15   1935      0      0      0   0.00   0.00      0   0.00 18219.1  0.000  313.5  0.190      0      0      0     12   1368      3.000   24.400  0.000
08/04/1989   9399    224   5755   2819      0   1321      9   2701     15   1976      0      0      0   0.00   0.00      0   0.00 18255.5  0.000  580.3  0.190      0      0      0     17   1388      3.000   27.200  0.000
08/05/1989   7948    174   4373   2384      0   1826     14   2810     15   2029      0      0      0   0.00   0.00      0   0.00 18286.3  0.000  832.4  0.190      0      0      0     21   1382      3.000   27.100  0.000
08/06/1989   6451    119   2973   1935      0   2303     19   2960     15   2080      0      0      0   0.00   0.00      0   0.00 18311.8  0.000 1072.6  0.190      0      0      0     24   1400      3.000   28.400  0.000
08/07/1989   4924     61   1504   1477      1   2780     23   3146     15   2062      0      0      0   0.00   0.00      0   0.00 18300.3  0.000  282.7  0.000      0      0      0     27   1469      3.000   26.400  0.319
08/08/1989   4889      4     35   1466      2   3268     27   3313     15   1952      0      0      0   0.00   0.00      0   0.00 18315.7  0.000  254.2  0.000      0      0      0      0      0      3.000   20.500  0.000
08/09/1989   4916      2     74   1474      3   3878     31   3366     19   1942      0      0      0   0.00   0.00      0   0.00 18331.0  0.000  229.8  0.000      0      0      0      0      0      3.000   20.600  0.031
08/10/1989   4957      1    116   1487      4   4471     35   3403     21   1866      0      0      0   0.00   0.00      0   0.00 18311.1  0.000  182.8  0.000      0      0      0      0      0      3.000   16.600  0.669
08/11/1989   4994      0    161   1498      9   5077     35   3330     24   1919      0      0      0   0.00   0.00      0   0.00 18326.6  0.000  158.0  0.000      0      0      0      0      0      3.000   18.000  0.000
08/12/1989   5036      0    210   1510     14   5718     39   3332     24   1912      0      0      0   0.00   0.00      0   0.00 18342.2  0.000  136.6  0.000      0      0      0      0      0      3.000   20.300  0.000
08/13/1989   5083      0    262   1524     19   6354     41   3240     27   2064      0      0      0   0.00   0.00      0   0.00 18357.7  0.000  119.7  0.000      0      0      0      0      0      3.000   23.400  0.000
08/14/1989   4273      0    318   1281     24   7000     44   3169     28   2159      0      0      0   0.00   0.00      0   0.00 18370.6  0.000  101.5  0.000      0      0      0      0      0      3.000   22.300  0.161
08/15/1989   4588      0    633   1376     29   7357     48   3182     25   2159      0      0      0   0.00   0.00      0   0.00 18384.2  0.000  119.1  0.000      0      0      0      0      0      3.000   23.600  0.000
08/16/1989   3733      0    950   1119     34   7618     53   3352     22   2112      0      0      0   0.00   0.00      0   0.00 18395.1  0.000  137.8  0.000      0      0      0      0      0      3.000   24.600  0.130
08/17/1989   4034      0   1251   1210     39   8009     57   3386     16   1966      0      0      0   0.00   0.00      0   0.00 18380.6  0.000    0.0  0.000      0      0      0      0      0      3.000   24.200  2.512
08/18/1989   4560      0   1777   1368     44   8079     58   3475     13   1844      0      0      0   0.00   0.00      0   0.00 18393.8  0.000   98.9  0.000      0      0      0      0      0      3.000   23.000  0.189
08/19/1989   5061      0   2278   1518     53   8209     56   3545      9   1700      0      0      0   0.00   0.00      0   0.00 18408.2  0.000  233.7  0.000      0      0      0      0      0      3.000   22.600  0.000
08/20/1989   4284      0   2782   1285     60   8390     52   3440      9   1712      0      0      0   0.00   0.00      0   0.00 18420.1  0.000  386.8  0.000      0      0      0      0      0      3.000   25.100  0.000
08/21/1989   4806      1   3301   1441     67   8617     47   3255      6   1568      0      0      0   0.00   0.00      0   0.00 18433.3  0.000  591.4  0.000      0      0      0      0      0      3.000   26.100  0.000
08/22/1989   5456      2   3950   1504     75   8694     41   3086      3   1437      0      0      0   0.00   0.00      0   0.00 18446.8  0.000  790.7  0.000      0      0      0      0      0      3.000   26.900  0.000
08/23/1989   6092      3   4585   1504     84   8744     34   2993      0   1280      0      0      0   0.00   0.00      0   0.00 18460.0  0.000  952.6  0.000      0      0      0      0      0      3.000   28.000  0.051
08/24/1989   6744      4   5236   1504     92   8794     25   2711      0   1280      0      0      0   0.00   0.00      0   0.00 18429.1  0.000  300.6  0.000      0      0      0      0      0      3.000   26.100  0.630
08/25/1989   7439      9   5926   1504     93   8684     19   2557      0   1251      0      0      0   0.00   0.00      0   0.00 18442.1  0.000  370.6  0.000      0      0      0      0      0      3.000   23.700  0.012
08/26/1989   8132     14   6614   1504     95   8559     12   2429      0   1199      0      0      0   0.00   0.00      0   0.00 18454.7  0.000  372.7  0.000      0      0      0      0      0      3.000   22.300  0.000
08/27/1989   7337     19   7316      2     93   8414      9   2291      0   1163      0      0      0   0.00   0.00      0   0.00 18419.6  0.000    0.0  0.000      0      0      0      0      0      3.000   22.300  0.000
08/28/1989   8014     24   7988      2     91   8334      6   2096      0    766      0      0      0   0.00   0.00      0   0.00 18383.5  0.000    0.0  0.000      0      0      0      0      0      3.000   25.200  0.012
08/29/1989   8597     29   8533     35     89   8175      3   2060      0    383      0      0      0   0.00   0.00      0   0.00 18350.6  0.000    0.0  0.000      0      0      0      0      0      3.000   25.400  0.000
08/30/1989   9294     34   9186     74     87   7909      0   2017      0     15      0      0      0   0.00   0.00      0   0.00 18320.9  0.000    0.0  0.000      0      0      0      0      0      3.000   26.700  0.000
08/31/1989   9895     39   9740    116     82   7748      0   1582      0     44      0      0      0   0.00   0.00      0   0.00 18295.7  0.000    0.0  0.000      0      0      0      0      0      3.000   23.600  0.000
09/01/1989  10531     44  10326    161     77   7536      0   1163      0     89      0      0      0   0.00   0.00      0   0.00 18275.4  0.000    0.0  0.000      0      0      0      0      0      3.000   24.000  0.000
09/02/1989  11225     53  10962    210     68   7248      0    781      0    138      0      0      0   0.00   0.00      0   0.00 18260.4  0.000    0.0  0.000      0      0      0      0      0      3.000   25.900  0.000
09/03/1989  11980     60  11658    262     61   6883      0    427      0    183      0      0      0   0.00   0.00      0   0.00 18251.3  0.000    0.0  0.000      0      0      0      0      0      3.000   22.100  0.000
09/04/1989  12714     68  12328    318     53   6540      0     89      0    224      0      0      0   0.00   0.00      0   0.00 18250.0  0.000    0.0  0.000      0      0      0      0      0      3.000   20.800  0.000
09/05/1989  13408     77  12698    633     44   5855      0    153      0    260      0      0      0   0.00   0.00      0   0.00 18253.4  0.000    0.0  0.000      0      0      0      0      0      3.000   20.200  0.039
09/06/1989  14119     87  13082    950     34   5154      0    227      0    377      0      0      0   0.00   0.00      0   0.00 18260.4  0.000    0.0  0.000      0      0      0      0      0      3.000   22.900  0.000
09/07/1989  14706     96  13361   1249     25   4589      0    298      0    543      0      0      0   0.00   0.00      0   0.00 18270.7  0.000    0.0  0.000      0      0      0      0      0      3.000   22.100  0.000
09/08/1989  15275    102  13398   1775     19   4055      0    369      0    752      0      0      0   0.00   0.00      0   0.00 18286.8  0.000    0.0  0.000      0      0      0      0      0      3.000   22.900  0.000
09/09/1989  15839    109  13454   2276     12   3543      0    515      0    963      0      0      0   0.00   0.00      0   0.00 18308.4  0.000    0.0  0.000      0      0      0      0      0      3.000   24.500  0.000
09/10/1989  16434    112  13542   2780      9   3015      0    703      0   1187      0      0      0   0.00   0.00      0   0.00 18335.3  0.000    0.0  0.000      0      0      0      0      0      3.000   26.000  0.000
09/11/1989  16855    114  13440   3301      6   2670      0    938      2   1410      0      0      0   0.00   0.00      0   0.00 18367.4  0.000    0.0  0.000      0      0      0      0      0      3.000   26.600  0.000
09/12/1989  17283    116  13217   3950      3   2330      0   1254      5   1563      0      0      0   0.00   0.00      0   0.00 18405.9  0.000  182.3  0.000      0      0      0      0      0      3.000   24.700  0.020
09/13/1989  17720    118  13017   4585      0   1995      0   1630      9   1685      0      0      0   0.00   0.00      0   0.00 18450.1  0.000  598.6  0.000      0      0      0      0      0      3.000   24.500  0.000
09/14/1989  18105    117  12785   5203      0   1767      2   1971     12   1782      0      0      0   0.00   0.00      0   0.00 18499.4  0.000 1254.8  0.000      0      0      0      0      0      3.000   24.200  0.031
09/15/1989  18497    112  12492   5549      0   1622      5   2274     15   1896      0      0      0   0.00   0.00      0   0.00 18450.7  0.000    0.0  0.000      0      0      0      0      0      3.000   24.800  0.272
09/16/1989  18836    107  12187   5650      0   1548      9   2563     18   1990      0      0      0   0.00   0.00      0   0.00 18504.6  0.000  714.5  0.000      0      0      0      0      0      3.000   24.400  0.098
09/17/1989  19172    102  11868   5751      0   1567     14   2790     21   2044      0      0      0   0.00   0.00      0   0.00 18557.5  0.000 1403.0  0.000      0      0      0      0      0      3.000   22.600  0.000
09/18/1989  19122     97  11196   5736      0   2043     20   2983     23   2020      0      0      0   0.00   0.00      0   0.00 18608.5  0.000 2024.2  0.000      0      0      0      0      0      3.000   19.800  0.000
09/19/1989  19068     92  10618   5720      0   2575     27   3143     24   1959      0      0      0   0.00   0.00      0   0.00 18657.8  0.000 2610.7  0.000      0      0      0      0      0      3.000   18.600  0.051
09/20/1989  19078     87   9941   5723      0   3115     35   3271     25   1984      0      0      0   0.00   0.00      0   0.00 18613.6  0.000  137.3  0.000      0      0      0      0      0      3.000   21.700  1.059
09/21/1989  19050     82   9374   5715      2   3684     41   3318     28   2136      0      0      0   0.00   0.00      0   0.00 18662.8  0.000  624.5  0.000      0      0      0      0      0      3.000   25.700  0.161
09/22/1989  19090     77   8788   5727      5   4268     46   3320     31   2309      0      0      0   0.00   0.00      0   0.00 18620.8  0.000    0.0  0.000      0      0      0      0      0      3.000   25.700  0.449
09/23/1989  19089     68   8167   5726      9   4873     51   3359     33   2332      0      0      0   0.00   0.00      0   0.00 18670.0  0.000  435.5  0.000      0      0      0      0      0      3.000   21.500  0.079
09/24/1989  18841     61   7493   5652     14   5491     57   3464     29   2056      0      0      0   0.00   0.00      0   0.00 18715.5  0.000 2504.1  0.000      0      0      0      0      0      3.000   13.300  0.000
09/25/1989  18919     53   6853   5675     20   6088     62   3585     25   1786      0      0      0   0.00   0.00      0   0.00 18651.9  0.000 2379.0  0.000      0      0      0      0      0      3.000   13.700  1.079
09/26/1989  18693     44   6268   5607     27   6633     66   3671     24   1742      0      0      0   0.00   0.00      0   0.00 18699.1  0.000 2732.4  0.000      0      0      0      0      0      3.000   19.100  0.031
09/27/1989  18573     34   5758   5571     35   7073     65   3561     25   1793      0      0      0   0.00   0.00      0   0.00 18743.1  0.000 4771.0  0.000      0      0      0      0      0      3.000   14.900  0.000
09/28/1989  18290     25   5430   5487     43   7529     64   3387     26   1820      0      0      0   0.00   0.00      0   0.00 18784.7  0.000 6778.5  0.000      0      0      0      0      0      3.000   14.600  0.000
09/29/1989  18092     19   5176   5427     51   8017     66   3277     26   1798      0      0      0   0.00   0.00      0   0.00 18825.8  0.000 7111.7  0.000      0      0      0      0      0      3.000   18.800  0.000
09/30/1989  18487     12   5021   5546     60   8419     65   3045     27   1849      0      0      0   0.00   0.00      0   0.00 18757.3  0.000 6988.7  0.000      0      0      0      0      0      3.000   17.500  0.591
10/01/1989  18960      9   4905   5688     71   8674     62   2875     28   1931      0      0      0   0.00   0.00      0   0.00 18716.1  0.000 4454.8  0.000      0      0      0      0      0      3.000   18.300  1.598
10/02/1989  18985      6   5018   5695     82   8663     61   3019     29   2008      0      0      0   0.00   0.00      0   0.00 18761.5  0.000 4926.9  0.000      0      0      0      0      0      3.000   22.800  0.169
10/03/1989  19016      3   5147   5704     93   8642     59   3108     30   2102      0      0      0   0.00   0.00      0   0.00 18805.2  0.000 5428.0  0.000      0      0      0      0      0      3.000   22.200  0.000
10/04/1989  18962      0   5310   5688    100   8731     61   3064     28   2019      0      0      0   0.00   0.00      0   0.00 18846.5  0.000 7509.9  0.000      0      0      0      0      0      3.000   15.900  0.000
10/05/1989  18958      2   5520   5687    105   8674     65   3234     23   1771      0      0      0   0.00   0.00      0   0.00 18886.4  0.000 9591.5  0.000      0      0      0      0      0      3.000   13.900  0.000
10/06/1989  18289      5   5792   5486    112   8566     65   3390     21   1699      0      0      0   0.00   0.00      0   0.00 18923.8  0.000 10203.0  0.000      0      0      0      0      0      3.000   20.700  0.000
10/07/1989  18297      9   6101   5489    116   8539     64   3285     20   1707      0      0      0   0.00   0.00      0   0.00 18960.0  0.000 10858.8  0.000      0      0      0      0      0      3.000   18.300  0.000
10/08/1989  18283     14   6401   5484    119   8479     62   3156     19   1623      0      0      0   0.00   0.00      0   0.00 18994.7  0.000 12865.2  0.000      0      0      0      0      0      3.000   12.300  0.000
10/09/1989  18262     20   7046   5478    123   8477     60   3158     14   1305      0      0      0   0.00   0.00      0   0.00 19028.4  0.000 14869.3  0.000      0      0      0      0      0      3.000    9.600  0.000
10/10/1989  17630     27   7677   5289    125   8588     57   2984     11   1094      0      0      0   0.00   0.00      0   0.00 19059.8  0.000 16803.5  0.000      0      0      0      0      0      3.000   11.200  0.000
10/11/1989  17119     35   8370   5135    126   8597     53   2677     10   1098      0      0      0   0.00   0.00      0   0.00 19089.4  0.000 18680.5  0.000      0      0      0      0      0      3.000   14.700  0.000
10/12/1989  17239     43   9138   5171    129   8360     45   2444     10   1203      0      0      0   0.00   0.00      0   0.00 19118.3  0.000 20571.0  0.000      0      0      0      0      0      3.000   17.000  0.000
10/13/1989  16577     51   9897   4973    131   8050     38   2307     10   1290      0      0      0   0.00   0.00      0   0.00 19144.8  0.000 21292.9  0.000      0      0      0      0      0      3.000   19.000  0.000
10/14/1989  16632     60  10564   4989    129   7964     35   2076      8   1284      0      0      0   0.00   0.00      0   0.00 19170.6  0.000 22044.3  0.000      0      0      0      0      0      3.000   19.400  0.000
10/15/1989  16463     71  11011   4938    124   8011     32   1940      7   1248      0      0      0   0.00   0.00      0   0.00 19195.4  0.000 22808.1  0.000      0      0      0      0      0      3.000   20.300  0.000
10/16/1989  16428     82  11459   4887    121   7887     27   1974      5   1195      0      0      0   0.00   0.00      0   0.00 19219.2  0.000 23549.4  0.000      0      0      0      0      0      3.000   22.100  0.000
10/17/1989  15414     93  12046   3275    116   7527     23   2055      4   1155      0      0      0   0.00   0.00      0   0.00 19234.0  0.000 23594.9  0.000      0      0      0      0      0      3.000   22.300  0.020
10/18/1989  15993    100  12427   3466    114   7312     20   2094      2   1036      0      0      0   0.00   0.00      0   0.00 19183.2  0.000 21838.2  0.000      0      0      0      0      0      3.000   20.200  0.941
10/19/1989  16561    107  12736   3718    110   7165     18   2071      1    851      0      0      0   0.00   0.00      0   0.00 19144.8  0.000 21724.7  0.000      0      0      0      0      0      3.000   13.200  0.709
10/20/1989  17236    117  13092   4027    103   6932     16   2007      0    631      0      0      0   0.00   0.00      0   0.00 19104.3  0.000 21607.8  0.000      0      0      0      0      0      3.000    8.700  0.000
10/21/1989  17448    125  13313   4010     99   6753     12   1840      0    507      0      0      0   0.00   0.00      0   0.00 19126.1  0.000 23046.3  0.000      0      0      0      0      0      3.000    8.800  0.000
10/22/1989  17673    133  13480   4060     94   6518      9   1638      0    478      0      0      0   0.00   0.00      0   0.00 19147.7  0.000 24502.9  0.000      0      0      0      0      0      3.000   10.800  0.000
10/23/1989  17990    143  13690   4157     87   6172      6   1390      0    511      0      0      0   0.00   0.00      0   0.00 19169.3  0.000 25995.5  0.000      0      0      0      0      0      3.000   11.300  0.000
10/24/1989  18297    152  13852   4293     80   5846      4   1152      0    542      0      0      0   0.00   0.00      0   0.00 19191.0  0.000 27539.3  0.000      0      0      0      0      0      3.000   11.700  0.000
10/25/1989  18469    161  13814   4494     73   5654      2    961      0    566      0      0      0   0.00   0.00      0   0.00 19213.1  0.000 29160.3  0.000      0      0      0      0      0      3.000   13.200  0.000
10/26/1989  18589    170  13679   4740     63   5437      1    865      0    594      0      0      0   0.00   0.00      0   0.00 19235.9  0.000 30876.1  0.000      0      0      0      0      0      3.000   13.900  0.000
10/27/1989  18858    177  13655   5026     54   4998      0    843      0    627      0      0      0   0.00   0.00      0   0.00 19259.5  0.000 32701.6  0.000      0      0      0      0      0      3.000   14.600  0.000
10/28/1989  19429    180  13531   5718     47   4578      0    896      0    640      0      0      0   0.00   0.00      0   0.00 19285.6  0.000 34792.7  0.000      0      0      0      0      0      3.000   14.200  0.000
10/29/1989  19840    181  13258   5952     41   4321      0    952      0    675      0      0      0   0.00   0.00      0   0.00 19311.8  0.000 36972.5  0.000      0      0      0      0      0      3.000   16.200  0.000
10/30/1989  20154    183  12940   6046     33   4171      0    992      0    723      0      0      0   0.00   0.00      0   0.00 19337.4  0.000 39187.2  0.000      0      0      0      0      0      3.000   17.400  0.000
10/31/1989  20481    182  12666   6144     27   3995      0   1025      0    793      0      0      0   0.00   0.00      0   0.00 19362.5  0.000 40019.9  0.000      0      0      0      0      0      3.000   18.800  0.000
11/01/1989  20831    179  12372   6249     22   3765      0   1085      0    792      0      0      0   0.00   0.00      0   0.00 19387.0  0.000 42309.9  0.000      0      0      0      0      0      3.000   14.900  0.000
11/02/1989  21242    174  12007   6372     19   3534      0   1149      0    722      0      0      0   0.00   0.00      0   0.00 19327.5  0.000 42173.8  0.000      0      0      0      0      0      3.000   11.200  1.110
11/03/1989  21603    169  11647   6480     16   3299      0   1224      0    620      0      0      0   0.00   0.00      0   0.00 19354.2  0.000 44549.4  0.000      0      0      0      0      0      3.000   10.200  0.012
11/04/1989  21990    164  11324   6597     12   3108      0   1250      0    519      0      0      0   0.00   0.00      0   0.00 19380.3  0.000 48850.8  0.000      0      0      0      0      0      3.000    7.500  0.000
11/05/1989  22210    156  11199   6663      9   2926      0   1231      0    516      0      0      0   0.00   0.00      0   0.00 19405.6  0.000 51294.3  0.000      0      0      0      0      0      3.000   10.700  0.000
11/06/1989  21730    148  11056   6519      6   2779      0   1169      0    571      0      0      0   0.00   0.00      0   0.00 19429.3  0.000 53684.5  0.000      0      0      0      0      0      3.000   14.200  0.000
11/07/1989  21677    139  10737   6503      4   2676      0   1046      0    679      0      0      0   0.00   0.00      0   0.00 19452.0  0.000 56068.7  0.000      0      0      0      0      0      3.000   16.000  0.000
11/08/1989  21933    134  10442   6579      2   2683      0    954      0    759      0      0      0   0.00   0.00      0   0.00 19402.1  0.000 53330.1  0.000      0      0      0      0      0      3.000   18.300  0.201
11/09/1989  22116    128  10087   6634      1   2720      0    948      0    789      0      0      0   0.00   0.00      0   0.00 19352.6  0.000 50577.7  0.000      0      0      0      0      0      3.000   18.100  0.618
11/10/1989  21771    119   9570   6531      0   2767      0   1003      0    718      0      0      0   0.00   0.00      0   0.00 19378.4  0.000 52972.3  0.000      0      0      0      0      0      3.000   10.900  0.000
11/11/1989  21377    111   9100   6413      0   2796      0   1093      0    636      0      0      0   0.00   0.00      0   0.00 19402.6  0.000 55323.1  0.000      0      0      0      0      0      3.000   12.000  0.000
11/12/1989  20985    103   8634   6295      0   2761      0   1218      0    608      0      0      0   0.00   0.00      0   0.00 19425.5  0.000 57630.1  0.000      0      0      0      0      0      3.000   16.700  0.000
11/13/1989  20553     93   8073   6165      0   2772      0   1205      0    672      0      0      0   0.00   0.00      0   0.00 19447.0  0.000 59888.9  0.000      0      0      0      0      0      3.000   17.600  0.000
11/14/1989  20095     84   7540   6028      0   2825      0   1158      0    731      0      0      0   0.00   0.00      0   0.00 19467.7  0.000 60453.5  0.000      0      0      0      0      0      3.000   18.800  0.059
11/15/1989  20270     75   7181   6081      0   2874      0   1147      0    724      0      0      0   0.00   0.00      0   0.00 19399.5  0.000 60322.0  0.000      0      0      0      0      0      3.000   17.600  0.531
11/16/1989  19797     64   6896   5939      0   2937      0   1118      0    668      0      0      0   0.00   0.00      0   0.00 19421.2  0.000 62497.0  0.000      0      0      0      0      0      3.000   13.400  0.189
11/17/1989  19987     54   6468   5996      0   2987      0   1100      0    481      0      0      0   0.00   0.00      0   0.00 19355.4  0.000 62352.7  0.000      0      0      0      0      0      3.000    3.800  0.000
11/18/1989  20176     47   6114   6052      0   2952      0   1153      0    339      0      0      0   0.00   0.00      0   0.00 19288.1  0.000 62207.7  0.000      0      0      0      0      0      3.000    5.800  0.000
11/19/1989  20396     41   5948   6118      0   2898      0   1150      0    217      0      0      0   0.00   0.00      0   0.00 19219.7  0.000 62061.9  0.000      0      0      0      0      0      3.000    4.100  0.000
11/20/1989  19962     33   5886   5988      0   2872      0    973      0    310      0      0      0   0.00   0.00      0   0.00 19248.0  0.000 64255.1  0.000      0      0      0      0      0      3.000   11.500  0.000
11/21/1989  20222     27   5813   6066      0   2831      0    820      0    356      0      0      0   0.00   0.00      0   0.00 19275.6  0.000 66477.2  0.000      0      0      0      0      0      3.000   10.200  0.000
11/22/1989  20442     22   5642   6132      0   2837      0    636      0    319      0      0      0   0.00   0.00      0   0.00 19205.8  0.000 66331.2  0.000      0      0      0      0      0      3.000    1.600  0.839
11/23/1989  20616     19   5405   6184      0   2874      0    559      0    183      0      0      0   0.00   0.00      0   0.00 19134.7  0.000 66184.6  0.000      0      0      0      0      0      3.000    1.000  0.382
11/24/1989  20776     16   5143   6232      0   2879      0    508      0     47      0      0      0   0.00   0.00      0   0.00 19062.5  0.000 66037.3  0.000      0      0      0      0      0      3.000   -0.400  0.000
11/25/1989  20895     12   4877   6268      0   2799      0    474      0     87      0      0      0   0.00   0.00      0   0.00 18989.1  0.000 65889.7  0.000      0      0      0      0      0      3.000    4.900  0.000
11/26/1989  19787      9   4673   5936      0   2697      0    403      0    219      0      0      0   0.00   0.00      0   0.00 19025.4  0.000 68063.6  0.000      0      0      0      0      0      3.000   12.900  0.000
11/27/1989  19397      6   4519   5819      0   2525      0    338      0    352      0      0      0   0.00   0.00      0   0.00 19059.6  0.000 70194.1  0.000      0      0      0      0      0      3.000   11.600  0.000
11/28/1989  18148      4   4401   5444      0   2430      0    251      0    449      0      0      0   0.00   0.00      0   0.00 19090.5  0.000 72185.6  0.000      0      0      0      0      0      3.000   16.000  0.000
11/29/1989  18399      2   4396   5519      0   2294      0    266      0    378      0      0      0   0.00   0.00      0   0.00 19026.0  0.000 72047.4  0.000      0      0      0      0      0      3.000    7.000  0.000
11/30/1989  18646      1   4457   5593      0   2055      0    371      0    296      0      0      0   0.00   0.00      0   0.00 18960.7  0.000 71908.3  0.000      0      0      0      0      0      3.000    4.300  0.000
12/01/1989  18805      0   4488   5641      0   1895      0    517      0    200      0      0      0   0.00   0.00      0   0.00 18996.1  0.000 75576.1  0.000      0      0      0      0      0      3.000    6.200  0.000
12/02/1989  18976      0   4525   5692      0   1705      0    597      0    188      0      0      0   0.00   0.00      0   0.00 19030.6  0.000 79277.8  0.000      0      0      0      0      0      3.000    6.100  0.000
12/03/1989  19196      0   4587   5758      0   1534      0    580      0    157      0      0      0   0.00   0.00      0   0.00 18963.5  0.000 79136.5  0.000      0      0      0      0      0      3.000    1.500  0.000
12/04/1989  19420      0   4649   5826      0   1442      0    498      0    105      0      0      0   0.00   0.00      0   0.00 18895.7  0.000 78994.4  0.000      0      0      0      0      0      3.000    1.300  0.000
12/05/1989  19650      0   4714   5895      0   1326      0    433      0    116      0      0      0   0.00   0.00      0   0.00 18935.0  0.000 82830.5  0.000      0      0      0      0      0      3.000    7.800  0.000
12/06/1989  17398      0   4745   5219      0   1259      0    288      0    211      0      0      0   0.00   0.00      0   0.00 18968.6  0.000 84738.7  0.000      0      0      0      0      0      3.000   12.600  0.000
12/07/1989  15805      0   4723   4741      0   1152      0    225      0    284      0      0      0   0.00   0.00      0   0.00 18998.2  0.000 86470.0  0.000      0      0      0      0      0      3.000   10.200  0.110
12/08/1989  15849      0   4568   4754      0   1141      0    253      0    210      0      0      0   0.00   0.00      0   0.00 18944.2  0.000 86342.1  0.000      0      0      0      0      0      3.000    0.300  1.280
12/09/1989  15921      0   4444   4776      0   1120      0    299      0     95      0      0      0   0.00   0.00      0   0.00 18889.7  0.000 86213.9  0.000      0      0      0      0      0      3.000   -3.000  0.630
12/10/1989  15968      0   4265   4790      0   1123      0    321      0      5      0      0      0   0.00   0.00      0   0.00 18834.7  0.000 86085.5  0.000      0      0      0      0      0      3.000   -0.800  0.000
12/11/1989  16105      0   4155   4831      0    988      0    306      0     25      0      0      0   0.00   0.00      0   0.00 18778.8  0.000 85956.5  0.000      0      0      0      0      0      3.000    2.600  0.000
12/12/1989  16223      0   4007   4866      0    869      0    289      0     46      0      0      0   0.00   0.00      0   0.00 18722.3  0.000 85827.1  0.000      0      0      0      0      0      3.000    2.100  0.469
12/13/1989  16232      0   3792   4869      0    920      0    210      0     51      0      0      0   0.00   0.00      0   0.00 18665.1  0.000 85697.6  0.000      0      0      0      0      0      3.000    0.300  0.079
12/14/1989  16232      0   3616   4869      0   1016      0    120      0     42      0      0      0   0.00   0.00      0   0.00 18607.5  0.000 85568.1  0.000      0      0      0      0      0      3.000    1.500  0.000
12/15/1989  16213      0   3434   4863      0   1106      0     51      0     64      0      0      0   0.00   0.00      0   0.00 18549.6  0.000 85438.7  0.000      0      0      0      0      0      3.000    5.000  0.000
12/16/1989  16262      0   3360   4878      0   1043      0     51      0     59      0      0      0   0.00   0.00      0   0.00 18491.3  0.000 85309.1  0.000      0      0      0      0      0      3.000   -4.300  0.000
12/17/1989  16394      0   3319   4918      0    892      0     67      0     43      0      0      0   0.00   0.00      0   0.00 18432.5  0.000 85178.9  0.000      0      0      0      0      0      3.000   -4.800  0.000
12/18/1989  16508      0   3215   4952      0    759      0    110      0      0      0      0      0   0.00   0.00      0   0.00 18373.0  0.000 85048.3  0.000      0      0      0      0      0      3.000   -1.100  0.000
12/19/1989  16654      0   3130   4996      0    619      0     85      0      0      0      0      0   0.00   0.00      0   0.00 18312.7  0.000 84917.1  0.000      0      0      0      0      0      3.000   -2.400  0.161
12/20/1989  16714      0   2938   5014      0    560      0     64      0      0      0      0      0   0.00   0.00      0   0.00 18251.8  0.000 84785.6  0.000      0      0      0      0      0      3.000   -2.400  0.000
12/21/1989  16745      0   2722   5023      0    514      0     59      0      0      0      0      0   0.00   0.00      0   0.00 18190.3  0.000 84654.0  0.000      0      0      0      0      0      3.000   -1.000  0.000
12/22/1989  16794      0   2612   5038      0    461      0     43      0      0      0      0      0   0.00   0.00      0   0.00 18128.4  0.000 84522.2  0.000      0      0      0      0      0      3.000   -8.700  0.000
12/23/1989  16842      0   2490   5052      0    436      0      0      0      0      0      0      0   0.00   0.00      0   0.00 18066.0  0.000 84390.2  0.000      0      0      0      0      0      3.000   -8.800  0.000
12/24/1989  16842      0   2271   5052      0    416      0      0      0      0      0      0      0   0.00   0.00      0   0.00 18003.2  0.000 84258.2  0.000      0      0      0      0      0      3.000   -6.700  0.000
12/25/1989  16839      0   2045   5051      0    399      0      0      0      0      0      0      0   0.00   0.00      0   0.00 17939.9  0.000 84126.2  0.000      0      0      0      0      0      3.000   -4.500  0.000
12/26/1989  16898      0   1875   5069      0    320      0      0      0     14      0      0      0   0.00   0.00      0   0.00 17876.1  0.000 83994.0  0.000      0      0      0      0      0      3.000    1.300  0.000
12/27/1989  16992      0   1758   5097      0    205      0      0      0     14      0      0      0   0.00   0.00      0   0.00 17811.6  0.000 83861.4  0.000      0      0      0      0      0      3.000   -2.000  0.000
12/28/1989  17061      0   1661   5118      0    115      0      0      0     40      0      0      0   0.00   0.00      0   0.00 17746.7  0.000 83728.5  0.000      0      0      0      0      0      3.000    2.600  0.000
12/29/1989  17045      0   1604   5113      0    110      0     14      0     82      0      0      0   0.00   0.00      0   0.00 17681.7  0.000 83595.7  0.000      0      0      0      0      0      3.000    6.400  0.000
12/30/1989  16409      0   1514   4922      0    110      0     14      0    175      0      0      0   0.00   0.00      0   0.00 18271.6  0.000 85393.9  0.000      0      0      0      0      0      3.000   11.300  0.000
12/31/1989  16388      0   1449   4916      0    110      0     40      0    262      0      0      0   0.00   0.00      0   0.00 18209.0  0.000 85281.3  0.000      0      0      0      0      0      3.000   14.500  0.280
01/01/1990  16392      0   1319   4917      0     85      0     96      0    268      0      0      0   0.00   0.00      0   0.00 18146.0  0.000 85151.2  0.000      0      0      0      0      0      3.000    7.000  0.130
01/02/1990  16392      0   1204   4917      0     64      0    189      0    192      0      0      0   0.00   0.00      0   0.00 18082.8  0.000 85021.0  0.000      0      0      0      0      0      3.000    1.500  0.000
01/03/1990  16376      0   1181   4912      0     73      0    288      0    143      0      0      0   0.00   0.00      0   0.00 18139.2  0.000 88206.6  0.000      0      0      0      0      0      3.000    6.900  0.000
01/04/1990  15212      0   1178   4563      0     57      0    350      0    192      0      0      0   0.00   0.00      0   0.00 18190.1  0.000 89872.0  0.000      0      0      0      0      0      3.000   13.100  0.000
01/05/1990  14546      0   1221   4363      0     40      0    341      0    278      0      0      0   0.00   0.00      0   0.00 18237.4  0.000 91463.4  0.000      0      0      0      0      0      3.000   12.100  0.051
01/06/1990  14525      0   1153   4357      0     96      0    349      0    300      0      0      0   0.00   0.00      0   0.00 18181.6  0.000 91360.3  0.000      0      0      0      0      0      3.000    9.800  0.311
01/07/1990  14504      0   1002   4351      0    189      0    367      0    251      0      0      0   0.00   0.00      0   0.00 18125.4  0.000 91238.2  0.000      0      0      0      0      0      3.000    6.500  0.059
01/08/1990  14483      0    869   4344      0    302      0    357      0    197      0      0      0   0.00   0.00      0   0.00 18069.0  0.000 91116.2  0.000      0      0      0      0      0      3.000    4.800  0.500
01/09/1990  14462      0    704   4338      0    364      0    381      0    167      0      0      0   0.00   0.00      0   0.00 18012.4  0.000 90994.2  0.000      0      0      0      0      0      3.000    5.400  0.000
01/10/1990  14441      0    624   4332      0    381      0    426      0    180      0      0      0   0.00   0.00      0   0.00 18063.9  0.000 93796.5  0.000      0      0      0      0      0      3.000    7.500  0.000
01/11/1990  11195      0    573   3358      0    445      0    411      0    216      0      0      0   0.00   0.00      0   0.00 18102.8  0.000 95956.4  0.000      0      0      0      0      0      3.000    8.400  0.000
01/12/1990  11175      0    504   3352      0    556      0    356      0    228      0      0      0   0.00   0.00      0   0.00 18059.1  0.000 95849.7  0.000      0      0      0      0      0      3.000    7.100  0.000
01/13/1990  11155      0    436   3346      0    659      0    328      0    169      0      0      0   0.00   0.00      0   0.00 18015.4  0.000 95743.2  0.000      0      0      0      0      0      3.000    1.200  0.000
01/14/1990  11135      0    416   3340      0    745      0    327      0    121      0      0      0   0.00   0.00      0   0.00 17971.8  0.000 95636.8  0.000      0      0      0      0      0      3.000    3.300  0.000
01/15/1990   9199      0    399   2759      0    807      0    333      0    151      0      0      0   0.00   0.00      0   0.00 18302.0  0.000 96636.5  0.000      0      0      0      0      0      3.000   10.000  0.000
01/16/1990   8888      0    334   2666      0    842      0    300      0    243      0      0      0   0.00   0.00      0   0.00 18329.1  0.000 97602.1  0.000      0      0      0      0      0      3.000   12.000  0.000
01/17/1990   8525      0    219   2557      0    898      0    281      0    330      0      0      0   0.00   0.00      0   0.00 18354.6  0.000 98527.5  0.000      0      0      0      0      0      3.000   14.100  0.000
01/18/1990   8193      0    155   2457      0    947      0    304      0    366      0      0      0   0.00   0.00      0   0.00 18378.8  0.000 99416.2  0.000      0      0      0      0      0      3.000   15.300  0.000
01/19/1990   8230      0    206   2469      0    976      0    327      0    359      0      0      0   0.00   0.00      0   0.00 18346.1  0.000 99348.1  0.000      0      0      0      0      0      3.000   10.500  0.000
01/20/1990   8304      0    299   2491      0    951      0    383      0    327      0      0      0   0.00   0.00      0   0.00 18312.9  0.000 99279.6  0.000      0      0      0      0      0      3.000    9.200  0.000
01/21/1990   8398      0    412   2519      0    854      0    501      0    334      0      0      0   0.00   0.00      0   0.00 18280.6  0.000 99210.4  0.000      0      0      0      0      0      3.000   15.100  0.902
01/22/1990   8441      0    449   2532      0    829      0    565      0    328      0      0      0   0.00   0.00      0   0.00 18306.6  0.000 100126.7  0.000      0      0      0      0      0      3.000    9.000  0.000
01/23/1990   7187      0    445   2156      0    910      0    559      0    338      0      0      0   0.00   0.00      0   0.00 18328.4  0.000 100904.9  0.000      0      0      0      0      0      3.000    9.600  0.000
01/24/1990   7233      0    504   2169      0    954      0    592      0    299      0      0      0   0.00   0.00      0   0.00 18300.4  0.000 100842.9  0.000      0      0      0      0      0      3.000   10.100  0.051
01/25/1990   7326      0    599   2197      0    967      0    563      0    357      0      0      0   0.00   0.00      0   0.00 18271.9  0.000 100780.4  0.000      0      0      0      0      0      3.000   16.200  0.390
01/26/1990   7411      0    659   2223      0    998      0    531      0    320      0      0      0   0.00   0.00      0   0.00 18244.1  0.000 100694.2  0.000      0      0      0      0      0      3.000    5.600  0.409
01/27/1990   7479      0    745   2243      0   1013      0    532      0    279      0      0      0   0.00   0.00      0   0.00 18216.2  0.000 100607.7  0.000      0      0      0      0      0      3.000    5.000  0.000
01/28/1990   7424      0    807   2227      0   1043      0    593      0    226      0      0      0   0.00   0.00      0   0.00 18240.0  0.000 101411.9  0.000      0      0      0      0      0      3.000    8.700  0.000
01/29/1990   7456      0    856   2236      0   1135      0    517      0    310      0      0      0   0.00   0.00      0   0.00 18211.4  0.000 101348.6  0.000      0      0      0      0      0      3.000   13.900  0.272
01/30/1990   7495      0    912   2248      0   1174      0    483      0    346      0      0      0   0.00   0.00      0   0.00 18182.9  0.000 101261.9  0.000      0      0      0      0      0      3.000    8.000  0.000
01/31/1990   7426      0    987   2227      0   1201      0    481      0    361      0      0      0   0.00   0.00      0   0.00 18207.1  0.000 102066.2  0.000      0      0      0      0      0      3.000    9.500  0.000
02/01/1990   7354      0   1072   2206      0   1218      0    528      0    333      0      0      0   0.00   0.00      0   0.00 18230.8  0.000 102862.7  0.000      0      0      0      0      0      3.000    9.900  0.000
02/02/1990   2608      0   1140    782      0   1303      0    472      0    421      0      0      0   0.00   0.00      0   0.00 18239.2  0.000 103139.5  0.000      0      0      0      0      0      3.000   16.600  0.000
02/03/1990   2205      0   1156    661      0   1352      0    522      0    392      0      0      0   0.00   0.00      0   0.00 18246.3  0.000 103372.6  0.000      0      0      0      0      0      3.000   16.800  0.012
02/04/1990   2234      0   1193    670      0   1376      0    582      0    334      0      0      0   0.00   0.00      0   0.00 18253.5  0.000 103608.9  0.000      0      0      0      0      0      3.000   14.600  0.020
02/05/1990   2324      0   1291    697      0   1378      0    667      0    179      0      0      0   0.00   0.00      0   0.00 18246.7  0.000 103561.8  0.000      0      0      0      0      0      3.000    6.000  0.000
02/06/1990   2424      0   1385    727      0   1419      0    604      0    133      0      0      0   0.00   0.00      0   0.00 18254.4  0.000 104004.4  0.000      0      0      0      0      0      3.000    8.000  0.000
02/07/1990   2055      0   1509    546      0   1392      0    570      0    132      0      0      0   0.00   0.00      0   0.00 18260.3  0.000 104193.7  0.000      0      0      0      0      0      3.000   12.900  0.098
02/08/1990   2129      0   1617    512      0   1373      0    485      0    134      0      0      0   0.00   0.00      0   0.00 18265.8  0.000 104369.1  0.000      0      0      0      0      0      3.000   10.300  0.000
02/09/1990   2043      0   1662    381      0   1393      0    404      0    135      0      0      0   0.00   0.00      0   0.00 18269.7  0.000 104493.8  0.000      0      0      0      0      0      3.000   14.700  0.189
02/10/1990   2127      0   1661    466      0   1486      0    281      0    106      0      0      0   0.00   0.00      0   0.00 18264.8  0.000 104468.4  0.000      0      0      0      0      0      3.000   14.500  1.118
02/11/1990   2260      0   1689    571      0   1431      0    227      0     97      0      0      0   0.00   0.00      0   0.00 18259.4  0.000 104422.0  0.000      0      0      0      0      0      3.000    7.700  0.000
02/12/1990   2347      0   1722    625      0   1399      0    205      0     83      0      0      0   0.00   0.00      0   0.00 18253.7  0.000 104374.6  0.000      0      0      0      0      0      3.000    7.300  0.000
02/13/1990   2440      0   1807    633      0   1327      0    208      0     95      0      0      0   0.00   0.00      0   0.00 18260.4  0.000 104594.5  0.000      0      0      0      0      0      3.000   12.000  0.000
02/14/1990   2483      0   1845    638      0   1265      0    191      0    132      0      0      0   0.00   0.00      0   0.00 18267.2  0.000 104816.0  0.000      0      0      0      0      0      3.000   16.400  0.000
02/15/1990   2541      0   1887    654      0   1174      0    156      0    173      0      0      0   0.00   0.00      0   0.00 18274.0  0.000 104903.0  0.000      0      0      0      0      0      3.000   18.900  0.000
02/16/1990   2597      0   1849    748      0   1141      0    169      0    198      0      0      0   0.00   0.00      0   0.00 18265.9  0.000 104633.6  0.000      0      0      0      0      0      3.000   18.500  1.220
02/17/1990   2585      0   1824    761      0   1121      0    188      0    200      0      0      0   0.00   0.00      0   0.00 18274.0  0.000 104902.4  0.000      0      0      0      0      0      3.000   13.100  0.000
02/18/1990   2677      0   1862    803      0   1054      0    223      0    165      0      0      0   0.00   0.00      0   0.00 18267.2  0.000 104851.7  0.000      0      0      0      0      0      3.000    6.000  0.181
02/19/1990   2818      0   1962    845      0    928      0    270      0    146      0      0      0   0.00   0.00      0   0.00 18260.2  0.000 104820.6  0.000      0      0      0      0      0      3.000    9.200  0.441
02/20/1990   2907      0   2003    872      0    858      0    305      0    129      0      0      0   0.00   0.00      0   0.00 18252.8  0.000 104767.6  0.000      0      0      0      0      0      3.000    7.500  0.000
02/21/1990   3015      0   2043    904      0    788      0    293      0    137      0      0      0   0.00   0.00      0   0.00 18262.6  0.000 105323.9  0.000      0      0      0      0      0      3.000    6.200  0.000
02/22/1990   3129      0   2079    938      0    727      0    284      0    171      0      0      0   0.00   0.00      0   0.00 18254.5  0.000 105290.2  0.000      0      0      0      0      0      3.000   13.500  0.311
02/23/1990   3307      0   2196    992      0    610      0    261      0    228      0      0      0   0.00   0.00      0   0.00 18245.9  0.000 105255.2  0.000      0      0      0      0      0      3.000   15.200  0.228
02/24/1990   3386      0   2266   1015      0    594      0    232      0    246      0      0      0   0.00   0.00      0   0.00 18237.2  0.000 105197.9  0.000      0      0      0      0      0      3.000    7.300  0.000
02/25/1990   3442      0   2292   1032      0    593      0    255      0    161      0      0      0   0.00   0.00      0   0.00 18228.2  0.000 105140.1  0.000      0      0      0      0      0      3.000   -1.500  0.000
02/26/1990   3465      0   2224   1039      0    596      0    324      0     59      0      0      0   0.00   0.00      0   0.00 18219.1  0.000 105082.1  0.000      0      0      0      0      0      3.000   -2.600  0.000
02/27/1990   3498      0   2156   1049      0    607      0    332      0     61      0      0      0   0.00   0.00      0   0.00 18209.1  0.000 105023.8  0.000      0      0      0      0      0      3.000    6.400  0.000
02/28/1990   3552      0   2094   1065      0    590      0    287      0    156      0      0      0   0.00   0.00      0   0.00 18220.8  0.000 105403.3  0.000      0      0      0      0      0      3.000   10.000  0.000
03/01/1990   3576      0   1992   1072      0    599      0    246      0    246      0      0      0   0.00   0.00      0   0.00 18210.7  0.000 105344.3  0.000      0      0      0      0      0      3.000    8.500  0.000
03/02/1990   3610      0   1932   1083      0    643      0    222      0    290      0      0      0   0.00   0.00      0   0.00 18200.4  0.000 105307.0  0.000      0      0      0      0      0      3.000    9.400  0.071
03/03/1990   3636      0   1873   1090      0    712      0    215      0    320      0      0      0   0.00   0.00      0   0.00 18189.3  0.000 105269.5  0.000      0      0      0      0      0      3.000   10.900  0.610
03/04/1990   3652      0   1755   1095      0    748      0    246      0    311      0      0      0   0.00   0.00      0   0.00 18177.9  0.000 105209.8  0.000      0      0      0      0      0      3.000    6.200  0.000
03/05/1990   3628      0   1687   1088      0    721      0    351      0    312      0      0      0   0.00   0.00      0   0.00 18190.0  0.000 105884.8  0.000      0      0      0      0      0      3.000    7.800  0.000
03/06/1990   3665      0   1630   1099      0    676      0    476      0    346      0      0      0   0.00   0.00      0   0.00 18202.1  0.000 106276.7  0.000      0      0      0      0      0      3.000   12.300  0.000
03/07/1990   3717      0   1588   1115      0    677      0    496      0    340      0      0      0   0.00   0.00      0   0.00 18190.3  0.000 106216.5  0.000      0      0      0      0      0      3.000    4.800  0.000
03/08/1990   3777      0   1503   1133      0    704      0    507      0    291      0      0      0   0.00   0.00      0   0.00 18177.8  0.000 106155.8  0.000      0      0      0      0      0      3.000    3.300  0.020
03/09/1990   3839      0   1508   1151      0    724      0    576      0    282      0      0      0   0.00   0.00      0   0.00 18190.5  0.000 106566.6  0.000      0      0      0      0      0      3.000    9.500  0.079
03/10/1990   3891      0   1509   1167      0    767      0    546      0    440      0      0      0   0.00   0.00      0   0.00 18203.3  0.000 106983.1  0.000      0      0      0      0      0      3.000   16.000  0.000
03/11/1990   3913      0   1442   1173      0    859      0    478      0    665      0      0      0   0.00   0.00      0   0.00 18216.4  0.000 107091.6  0.000      0      0      0      0      0      3.000   20.000  0.000
03/12/1990   3952      0   1344   1185      0    889      0    547      0    835      0      0      0   0.00   0.00      0   0.00 18229.6  0.000 107188.8  0.000      0      0      0      0      0      3.000   23.200  0.000
03/13/1990   3984      0   1292   1195      0    950      0    674      0    935      0      0      0   0.00   0.00      0   0.00 18242.7  0.000 107288.0  0.000      0      0      0      0      0      3.000   22.900  0.000
03/14/1990   4011      0   1218   1203      0   1068      0    797      0    993      0      0      0   0.00   0.00      0   0.00 18255.8  0.000 107400.8  0.000      0      0      0      0      0      3.000   22.500  0.000
03/15/1990   4081      0   1182   1224      0   1058      0   1042      0   1017      0      0      0   0.00   0.00      0   0.00 18269.1  0.000 107526.0  0.000      0      0      0      0      0      3.000   21.600  0.000
03/16/1990   3879      0   1099   1163      0   1013      0   1318      0   1052      0      0      0   0.00   0.00      0   0.00 18281.6  0.000 107623.0  0.000      0      0      0      0      0      3.000   22.800  0.000
03/17/1990   3923      0   1072   1176      0   1104      0   1508      0   1048      0      0      0   0.00   0.00      0   0.00 18271.6  0.000 107089.8  0.000      0      0      0      0      0      3.000   20.000  0.740
03/18/1990   3907      0   1009   1172      0   1337      0   1619      0    968      0      0      0   0.00   0.00      0   0.00 18283.8  0.000 107508.2  0.000      0      0      0      0      0      3.000   13.800  0.012
03/19/1990   3860      0    979   1158      0   1619      0   1705      0    866      0      0      0   0.00   0.00      0   0.00 18295.7  0.000 107921.5  0.000      0      0      0      0      0      3.000   13.600  0.000
03/20/1990   3905      0   1000   1171      0   1878      0   1721      0    638      0      0      0   0.00   0.00      0   0.00 18281.4  0.000 107859.8  0.000      0      0      0      0      0      3.000    4.600  0.039
03/21/1990   3984      0   1033   1195      0   2116      0   1652      0    537      0      0      0   0.00   0.00      0   0.00 18293.7  0.000 108604.0  0.000      0      0      0      0      0      3.000    7.200  0.000
03/22/1990   3247      0   1091    974      0   2366      0   1578      0    542      0      0      0   0.00   0.00      0   0.00 18303.7  0.000 108950.4  0.000      0      0      0      0      0      3.000   13.000  0.000
03/23/1990   2816      0   1155    844      0   2605      0   1342      0    715      0      0      0   0.00   0.00      0   0.00 18312.2  0.000 109249.7  0.000      0      0      0      0      0      3.000   16.900  0.000
03/24/1990   2820      0   1247    846      0   2848      0   1137      0    734      0      0      0   0.00   0.00      0   0.00 18320.9  0.000 109549.7  0.000      0      0      0      0      0      3.000   11.700  0.000
03/25/1990   2885      0   1305    865      0   3103      0   1072      0    577      0      0      0   0.00   0.00      0   0.00 18311.5  0.000 109496.9  0.000      0      0      0      0      0      3.000    6.900  0.000
03/26/1990   2975      0   1384    892      0   3261      0   1089      0    459      0      0      0   0.00   0.00      0   0.00 18320.6  0.000 109813.6  0.000      0      0      0      0      0      3.000   10.300  0.000
03/27/1990   3044      0   1498    913      0   3368      0   1005      0    428      0      0      0   0.00   0.00      0   0.00 18329.9  0.000 110137.9  0.000      0      0      0      0      0      3.000    9.200  0.000
03/28/1990   2768      0   1513    830      0   3401      0   1011      0    467      0      0      0   0.00   0.00      0   0.00 18338.4  0.000 110432.1  0.000      0      0      0      0      0      3.000    9.400  0.000
03/29/1990   2809      0   1502    842      0   3507      0   1011      0    420      0      0      0   0.00   0.00      0   0.00 18329.7  0.000 110380.1  0.000      0      0      0      0      0      3.000    7.900  2.650
03/30/1990   2943      0   1582    882      0   3628      0    891      0    407      0      0      0   0.00   0.00      0   0.00 18320.5  0.000 110347.9  0.000      0      0      0      0      0      3.000    9.300  0.000
03/31/1990   3160      0   1753    948      0   3676      0    763      0    436      0      0      0   0.00   0.00      0   0.00 18312.2  0.000 110314.0  0.000      0      0      0      0      0      3.000   12.400  0.799
04/01/1990   3360      0   2002   1008      0   3576      0    697      0    568      0      0      0   0.00   0.00      0   0.00 18322.7  0.000 110672.8  0.000      0      0      0      0      0      3.000   17.800  0.000
04/02/1990   3680      0   2271   1104      0   3370      0    721      0    675      0      0      0   0.00   0.00      0   0.00 18313.2  0.000 110635.0  0.000      0      0      0      0      0      3.000   17.900  0.402
04/03/1990   4013      0   2559   1203      0   3200      0    740      0    667      0      0      0   0.00   0.00      0   0.00 18325.8  0.000 111064.6  0.000      0      0      0      0      0      3.000   10.900  0.000
04/04/1990   4145      0   2858   1243      0   3011      0    837      0    583      0      0      0   0.00   0.00      0   0.00 18338.6  0.000 111508.9  0.000      0      0      0      0      0      3.000    9.800  0.000
04/05/1990   4411      0   3117   1294      0   2820      0    929      0    545      0      0      0   0.00   0.00      0   0.00 18352.0  0.000 111970.9  0.000      0      0      0      0      0      3.000   14.300  0.000
04/06/1990   4779      0   3383   1396      0   2568      0    987      0    600      0      0      0   0.00   0.00      0   0.00 18340.6  0.000 111925.1  0.000      0      0      0      0      0      3.000   16.100  0.382
04/07/1990   5115      0   3660   1455      0   2370      0   1013      0    568      0      0      0   0.00   0.00      0   0.00 18328.5  0.000 111854.1  0.000      0      0      0      0      0      3.000    7.600  0.272
04/08/1990   5379      0   3924   1455      0   2288      0   1038      0    494      0      0      0   0.00   0.00      0   0.00 18343.5  0.000 112763.3  0.000      0      0      0      0      0      3.000    7.300  0.000
04/09/1990   5444      0   4190   1254      0   2270      0   1019      0    452      0      0      0   0.00   0.00      0   0.00 18356.1  0.000 112806.3  0.000      0      0      0      0      0      3.000   10.800  0.000
04/10/1990   5297      0   4237   1060      0   2407      0    906      0    567      0      0      0   0.00   0.00      0   0.00 18366.7  0.000 112841.8  0.000      0      0      0      0      0      3.000   17.500  0.000
04/11/1990   5411      0   4305   1106      0   2418      0    865      0    627      0      0      0   0.00   0.00      0   0.00 18377.6  0.000 112878.9  0.000      0      0      0      0      0      3.000   14.600  0.000
04/12/1990   5682      0   4486   1196      0   2311      0    888      0    569      0      0      0   0.00   0.00      0   0.00 18389.3  0.000 112949.9  0.000      0      0      0      0      0      3.000    8.400  0.000
04/13/1990   5854      0   4662   1192      0   2237      0    928      0    480      0      0      0   0.00   0.00      0   0.00 18401.0  0.000 112989.5  0.000      0      0      0      0      0      3.000   10.000  0.000
04/14/1990   6014      0   4719   1295      0   2284      0    892      0    486      0      0      0   0.00   0.00      0   0.00 18413.5  0.000 113032.8  0.000      0      0      0      0      0      3.000   13.200  0.059
04/15/1990   6128      0   4752   1376      0   2302      0    889      0    606      0      0      0   0.00   0.00      0   0.00 18399.4  0.000 112977.9  0.000      0      0      0      0      0      3.000   16.200  0.209
