Varroa Population Simulation - May 03,2018  07:39:54 PM
VarroaPop Version 3.2.8.12 March 2018

                                        Capped  Capped                                                                      Prop           Conc          Conc                                             
            Colony  Adult  Adult         Drone   Wkr    Drone  Wkr    Drone  Wkr  Free   DBrood WBrood DMite  WMite  Mites  Mites  Colony Pollen Colony Nectar   Dead   Dead   Dead   Dead   Dead    Queen      Ave
     Date   Size   Drones   Wkr   Forgrs Brood  Brood   Larv   Larv    Eggs  Eggs Mites  Mites  Mites  /Cell  /Cell  Dying  Dying  Pollen  Pest  Nectar  Pest    DLarv  WLarv  DAdlt  WAdlt  Forgrs  Strength   Temp   Rain
Initial      7500      0   4242   2250      0  11500      0   7000      0   6000      0      0      0   0.00   0.00      0   0.00    0.0  0.000    0.0  0.000      0      0      0      0      0      3.000    0.000  0.000
05/12/1989   8182      0   4924   2454      0  12016      0   7600      3   4408      0      0      0   0.00   0.00      0   0.00 10000.0  0.000 30000.0  0.000      0      0      0      0      0      3.000   13.100  0.000
05/13/1989   8864      0   5606   2659      0  12532      0   8200      7   2872      0      0      0   0.00   0.00      0   0.00 10318.1  0.000 30963.0  0.000      0      0      0      0      0      3.000   15.500  0.000
05/14/1989   9546      0   6288   2863      0  13048      0   8800     11   1381      0      0      0   0.00   0.00      0   0.00 10658.9  0.000 32001.0  0.000      0      0      0      0      0      3.000   17.600  0.000
05/15/1989  10430      0   6970   3129      0  13564      3   7808     12   1488      0      0      0   0.00   0.00      0   0.00 10625.6  0.000 31920.0  0.000      0      0      0      0      0      3.000   17.900  0.228
05/16/1989  11112      0   7652   3333      0  14080      7   6872     13   1529      0      0      0   0.00   0.00      0   0.00 11030.0  0.000 33131.2  0.000      0      0      0      0      0      3.000   16.700  0.000
05/17/1989  11794      0   8334   3460      0  15196     11   5381     14   1553      0      0      0   0.00   0.00      0   0.00 11434.8  0.000 33465.4  0.000      0      0      0      0      0      3.000   18.000  0.000
05/18/1989  12476      0   9016   3460      0  16312     15   3896     15   1625      0      0      0   0.00   0.00      0   0.00 11839.1  0.000 33837.8  0.000      0      0      0      0      0      3.000   20.700  0.000
05/19/1989  13158      0   9698   3460      0  17428     20   2401     15   1701      0      0      0   0.00   0.00      0   0.00 12245.6  0.000 34356.9  0.000      0      0      0      0      0      3.000   20.400  0.000
05/20/1989  13840      0  10380   3460      0  16952     25   2526     15   1766      0      0      0   0.00   0.00      0   0.00 12648.3  0.000 34825.4  0.000      0      0      0      0      0      3.000   21.300  0.020
05/21/1989  14522      0  11062   3460      0  16532     30   2649     15   1793      0      0      0   0.00   0.00      0   0.00 13047.5  0.000 35246.7  0.000      0      0      0      0      0      3.000   22.200  0.000
05/22/1989  15204      0  11744   3460      3  16157     32   2721     15   1838      0      0      0   0.00   0.00      0   0.00 13445.5  0.000 35571.9  0.000      0      0      0      0      0      3.000   22.900  0.020
05/23/1989  16088      0  12426   3662      7  15788     33   2804     15   1851      0      0      0   0.00   0.00      0   0.00 13386.4  0.000 33963.6  0.000      0      0      0      0      0      3.000   22.000  0.201
05/24/1989  16778      0  13116   3662     11  15401     34   2913     16   1837      0      0      0   0.00   0.00      0   0.00 13808.1  0.000 34168.3  0.000      0      0      0      0      0      3.000   20.500  0.000
05/25/1989  17976      0  14314   3662     15  14534     35   3006     17   1875      0      0      0   0.00   0.00      0   0.00 14225.8  0.000 34240.2  0.000      0      0      0      0      0      3.000   24.100  0.000
05/26/1989  19174      0  15512   3662     20  13721     35   3030     19   1965      0      0      0   0.00   0.00      0   0.00 14639.8  0.000 34185.6  0.000      0      0      0      0      0      3.000   26.600  0.000
05/27/1989  20372      0  16710   3662     25  12902     36   3049     20   2047      0      0      0   0.00   0.00      0   0.00 15049.9  0.000 34001.5  0.000      0      0      0      0      0      3.000   25.300  0.000
05/28/1989  21570      0  17908   3662     30  12100     37   3115     19   1952      0      0      0   0.00   0.00      0   0.00 15456.3  0.000 33688.4  0.000      0      0      0      0      0      3.000   18.900  0.000
05/29/1989  22742      0  19106   3636     35  11314     39   3202     17   1830      0      0      0   0.00   0.00      0   0.00 15855.5  0.000 33238.0  0.000      0      0      0      0      0      3.000   19.400  0.000
05/30/1989  24540      0  20904   3636     40   9940     41   3258     16   1787      0      0      0   0.00   0.00      0   0.00 16248.0  0.000 32627.1  0.000      0      0      0      0      0      3.000   22.700  0.000
05/31/1989  26338      0  22702   3636     45   8551     41   3216     18   1895      0      0      0   0.00   0.00      0   0.00 16633.7  0.000 31852.0  0.000      0      0      0      0      0      3.000   25.100  0.000
06/01/1989  27934      0  24500   3434     50   7151     41   3195     20   2031      0      0      0   0.00   0.00      0   0.00 16987.3  0.000 30923.0  0.000      0      0      0      0      0      3.000   27.800  0.000
06/02/1989  28140      0  24024   4116     55   7407     42   3170     20   2072      0      0      0   0.00   0.00      0   0.00 17431.7  0.000 30280.1  0.000      0      0      0      0      0      3.000   26.700  0.142
06/03/1989  28402      0  23604   4798     61   7644     43   3146     22   2124      0      0      0   0.00   0.00      0   0.00 17967.3  0.000 29930.9  0.000      0      0      0      0      0      3.000   25.700  0.000
06/04/1989  28911      0  23229   5682     67   7817     44   3179     26   2199      0      0      0   0.00   0.00      0   0.00 17873.5  0.000 26942.6  0.000      0      0      0      0      0      3.000   26.100  0.921
06/05/1989  29429      3  22860   6566     71   7871     43   3290     34   2330      0      0      0   0.00   0.00      0   0.00 17781.7  0.000 23806.7  0.000      0      0      0      0      0      3.000   23.900  1.319
06/06/1989  29938      7  22481   7450     74   7945     45   3440     42   2428      0      0      0   0.00   0.00      0   0.00 17691.7  0.000 20518.2  0.000      0      0      0      0      0      3.000   22.300  0.409
06/07/1989  30273     11  22130   8132     75   8051     51   3591     49   2492      0      0      0   0.00   0.00      0   0.00 18674.4  0.000 21358.8  0.000      0      0      0      0      0      3.000   21.600  0.000
06/08/1989  30662     15  21833   8814     76   8141     60   3725     56   2594      0      0      0   0.00   0.00      0   0.00 18745.6  0.000 22432.2  0.000      0      0      0      0      0      3.000   22.800  0.098
06/09/1989  31248     20  21530   9374     77   8275     71   3837     62   2743      0      0      0   0.00   0.00      0   0.00 18663.3  0.000 18700.3  0.000      0      0      0      0      0      3.000   24.200  0.402
06/10/1989  31649     25  21244   9494     79   8357     82   4011     71   2909      0      0      0   0.00   0.00      0   0.00 18741.5  0.000 19754.5  0.000      0      0      0      0      0      3.000   24.600  0.000
06/11/1989  32066     30  20974   9619     81   8472     96   4195     76   2973      0      0      0   0.00   0.00      0   0.00 18816.5  0.000 20694.2  0.000      0      0      0      0      0      3.000   21.900  0.000
06/12/1989  32293     35  20716   9687     82   8636    113   4381     81   3010      0      0      0   0.00   0.00      0   0.00 18887.4  0.000 21649.1  0.000      0      0      0      0      0      3.000   22.400  0.110
06/13/1989  32707     40  20443   9812     86   8836    131   4590     86   3089      0      0      0   0.00   0.00      0   0.00 18955.0  0.000 22618.2  0.000      0      0      0      0      0      3.000   25.100  0.012
06/14/1989  33110     45  20151   9933     92   9063    146   4740     94   3276      0      0      0   0.00   0.00      0   0.00 19019.2  0.000 23664.0  0.000      0      0      0      0      0      3.000   26.900  0.000
06/15/1989  33779     50  19415  10133    101   9253    160   4899    102   3435      0      0      0   0.00   0.00      0   0.00 18939.1  0.000 19420.6  0.000      0      0      0      0      0      3.000   26.300  0.358
06/16/1989  34485     55  18716  10345    113   9465    175   5085    105   3436      0      0      0   0.00   0.00      0   0.00 18856.8  0.000 15081.8  0.000      0      0      0      0      0      3.000   22.200  0.618
06/17/1989  35173     61  17998  10551    125   9759    191   5273    109   3393      0      0      0   0.00   0.00      0   0.00 18772.7  0.000 10652.8  0.000      0      0      0      0      0      3.000   21.800  0.280
06/18/1989  35546     67  17167  10663    140  10210    206   5425    116   3445      0      0      0   0.00   0.00      0   0.00 18853.7  0.000 11747.8  0.000      0      0      0      0      0      3.000   24.100  0.000
06/19/1989  35930     74  16346  10779    156  10608    218   5548    127   3626      0      0      0   0.00   0.00      0   0.00 18930.2  0.000 12922.6  0.000      0      0      0      0      0      3.000   25.200  0.000
06/20/1989  36576     81  14985  10972    176  10982    229   5656    135   3740      0      0      0   0.00   0.00      0   0.00 18843.9  0.000 8357.2  0.000      0      0      0      0      0      3.000   22.900  0.319
06/21/1989  37258     86  13662  11177    197  11404    246   5781    142   3788      0      0      0   0.00   0.00      0   0.00 18756.0  0.000 3690.5  0.000      0      0      0      0      0      3.000   22.900  0.752
06/22/1989  37776     91  12377  11332    220  11853    264   5898    151   3875      0      0      0   0.00   0.00      0   0.00 18843.1  0.000 4662.0  0.000      0      0      0      0      0      3.000   24.800  0.000
06/23/1989  38462     97  12649  11538    246  12345    278   5961    163   4029      0      0      0   0.00   0.00      0   0.00 18750.2  0.000    0.0  0.000      0      0      0      0      0      3.000   24.600  0.559
06/24/1989  38996    104  12914  11698    273  12716    294   6133    171   4139      0      0      0   0.00   0.00      0   0.00 18840.5  0.000 1016.9  0.000      0      0      0      0      0      3.000   24.200  0.161
06/25/1989  39591    111  13195  11877    302  13047    313   6380    175   4171      0      0      0   0.00   0.00      0   0.00 18925.6  0.000 2036.6  0.000      0      0      0      0      0      3.000   24.600  0.000
06/26/1989  40203    114  13491  12060    331  13460    336   6545    179   4251      0      0      0   0.00   0.00      0   0.00 19005.6  0.000 3066.0  0.000      0      0      0      0      0      3.000   26.700  0.000
06/27/1989   1292      0   1286      6    360  13914    356   6646    185   4372      0      0      0   0.00   0.00      0   0.00 19080.9  0.000 4122.1  0.025      0      0    119  12516  26890      3.000   27.800  0.000
06/28/1989   2123      1   2116      6    392  14295    372   6811    126   2972      0      0      0   0.00   0.00      0   0.00 19062.3  0.000 3709.7  0.024      0      0     10     20      4      3.000   25.500  0.831
06/29/1989   3011      3   3002      6    424  14654    388   7008     64   1503      0      0      0   0.00   0.00      0   0.00 19040.4  0.000 3225.7  0.024      0      0     12     23      4      3.000   24.400  0.012
06/30/1989   3963      6   3952      5    453  15046    406   7143      0      0      0      0      0   0.00   0.00      0   0.00 19013.9  0.000 2670.0  0.023      0      0     14     22      4      3.000   22.000  0.000
07/01/1989   4963      9   4949      5    485  15415    356   5754      0      1      0      0      0   0.00   0.00      0   0.00 18983.0  0.000 2050.9  0.021      0      0     15     19      4      3.000   21.700  0.000
07/02/1989   5928     14   5909      5    519  15820    301   4372      0      2      0      0      0   0.00   0.00      0   0.00 18947.8  0.000 1364.9  0.015      0      0     16     13      4      3.000   22.800  0.000
07/03/1989   6945     26   6913      6    554  16207    243   2972      0      3      0      0      0   0.00   0.00      0   0.00 18907.8  0.000  605.8  0.000      0      0     11      5      3      3.000   24.000  0.000
07/04/1989   8069     52   8008      9    585  16577    185   1504      0      4      0      0      0   0.00   0.00      0   0.00 18865.7  0.000    0.0  0.000      0      0      1      0      1      3.000   25.500  0.031
07/05/1989   9259     78   9168     13    618  16916    126      2      0      6      0      0      0   0.00   0.00      0   0.00 18822.6  0.000    0.0  0.000      0      0      0      0      0      3.000   24.300  0.209
07/06/1989  10459    106  10335     18    652  15744     64      3      0     10      0      0      0   0.00   0.00      0   0.00 18774.3  0.000    0.0  0.000      0      0      0      0      0      3.000   25.100  0.461
07/07/1989  11591    138  11430     23    684  14644      0      5      0     15      0      0      0   0.00   0.00      0   0.00 18721.3  0.000    0.0  0.000      0      0      0      0      0      3.000   25.100  0.260
07/08/1989  12744    171  12546     27    650  13523      0      8      0     22      0      0      0   0.00   0.00      0   0.00 18669.2  0.000    0.0  0.000      0      0      1      0      1      3.000   26.400  0.000
07/09/1989  13992    205  13669    118    614  12300      0     12      0     28      0      0      0   0.00   0.00      0   0.00 18626.9  0.000    0.0  0.000      0      0      2      1      9      3.000   26.200  0.000
07/10/1989  15265    234  14846    185    579  11020      0     18      0     73      0      0      0   0.00   0.00      0   0.00 18593.5  0.000    0.0  0.000      0      0      6      2     33      3.000   28.000  0.000
07/11/1989  16467    260  15965    242    541   9786      0     27      0    144      0      0      0   0.00   0.00      0   0.00 18567.7  0.000    0.0  0.000      0      0     12      3     56      3.000   29.200  0.000
07/12/1989  17691    287  17113    291    498   8516      0     36      0    233      0      0      0   0.00   0.00      0   0.00 18547.1  0.000    0.0  0.000      0      0     16      4     69      3.000   26.800  0.000
07/13/1989  19105    333  18355    417    452   7151      0     85      0    292      0      0      0   0.00   0.00      0   0.00 18475.7  0.000    0.0  0.000      0      0      0      0      0      3.000   24.100  1.299
07/14/1989  20415    353  19615    447    406   5767      0    161      0    364      0      0      0   0.00   0.00      0   0.00 18471.5  0.000    0.0  0.000      0      0     26      9     89      3.000   24.300  0.000
07/15/1989  21847    403  20868    576    356   4392      0    254      0    428      0      0      0   0.00   0.00      0   0.00 18393.9  0.000    0.0  0.000      0      0      0      0      0      3.000   25.000  0.480
07/16/1989  23302    458  22128    716    301   3002      0    355      0    510      0      0      0   0.00   0.00      0   0.00 18313.1  0.000    0.0  0.000      0      0      0      0      0      3.000   23.000  0.630
07/17/1989  24829    516  23454    859    243   1544      0    497      0    573      0      0      0   0.00   0.00      0   0.00 18228.4  0.000    0.0  0.000      0      0      0      0      0      3.000   20.900  0.299
07/18/1989  26179    527  24780    872    185     93      0    609      0    671      0      0      0   0.00   0.00      0   0.00 18232.4  0.000    0.0  0.000      0      0     47     31    133      3.000   22.800  0.000
07/19/1989  25359    528  23946    885    126    174      0    721      0    755      0      0      0   0.00   0.00      0   0.00 18244.9  0.000    0.0  0.000      0      0     57      0    821      3.000   24.600  0.079
07/20/1989  24480    527  23056    897     64    274      0    837      0    815      0      0      0   0.00   0.00      0   0.00 18258.6  0.000    0.0  0.000      0      0     61      0    878      3.000   23.900  0.039
07/21/1989  23535    525  22102    908      0    385      0    988      0    835      0      0      0   0.00   0.00      0   0.00 18273.5  0.000    0.0  0.000      0      0     63      0    943      3.000   24.400  0.000
07/22/1989  22540    522  21101    917      0    537      0   1112      0    845      0      0      0   0.00   0.00      0   0.00 18289.5  0.000    0.0  0.000      0      0      0      1    992      3.000   24.800  0.000
07/23/1989  21580    517  20137    926      0    700      0   1224      0    867      0      0      0   0.00   0.00      0   0.00 18305.5  0.000    0.0  0.000      0      0      0      1    955      3.000   26.200  0.000
07/24/1989  21569    505  19130   1934      0    892      0   1313      0    893      0      0      0   0.00   0.00      0   0.00 18251.4  0.000    0.0  0.000      0      0      0      0      0      3.000   27.500  0.350
07/25/1989  20447    479  18032   1936      0   1106      0   1384      0   1099      0      0      0   0.00   0.00      0   0.00 18282.0  0.000    0.0  0.000      0      0      0      1   1097      3.000   26.200  0.000
07/26/1989  19260    453  16869   1938      0   1365      0   1420      0   1298      0      0      0   0.00   0.00      0   0.00 18313.4  0.000    0.0  0.000      0      0      0      2   1162      3.000   26.600  0.150
07/27/1989  19237    425  15702   3110      0   1637      0   1451      0   1462      0      0      0   0.00   0.00      0   0.00 18276.9  0.000    0.0  0.000      0      0      0      0      0      3.000   24.200  0.421
07/28/1989  18105    393  14603   3109      0   1906      0   1668      5   1612      0      0      0   0.00   0.00      0   0.00 18321.9  0.000    0.0  0.000      0      0      0      6   1100      3.000   26.200  0.000
07/29/1989  16936    360  13484   3092      0   2178      0   1883     10   1727      0      0      0   0.00   0.00      0   0.00 18365.9  0.000    0.0  0.000      0      0      0      8   1121      3.000   24.000  0.000
07/30/1989  15676    326  12262   3088      0   2454      0   2068     15   1870      0      0      0   0.00   0.00      0   0.00 18410.0  0.000    0.0  0.000      0      0      0     10   1223      3.000   24.300  0.000
07/31/1989  15699    297  11035   4367      0   2700      5   2413     15   1862      0      0      0   0.00   0.00      0   0.00 18383.7  0.000    0.0  0.000      0      0      0      0      0      3.000   25.800  0.752
08/01/1989  14364    271   9817   4276      0   2927     10   2717     19   1978      0      0      0   0.00   0.00      0   0.00 18431.5  0.000  342.3  0.096      0      0      0     67   1232      3.000   24.200  0.012
08/02/1989  13086    244   8566   3925      0   3320     15   2839     22   2071      0      0      0   0.00   0.00      0   0.00 18406.4  0.000    0.0  0.000      0      0      0     83   1268      3.000   23.400  0.358
08/03/1989  11622    198   7217   3486      0   3706     20   2977     26   2161      0      0      0   0.00   0.00      0   0.00 18445.8  0.000  320.2  0.096      0      0      0     92   1368      3.000   24.400  0.000
08/04/1989  10192    178   5864   3057      0   4025     29   3233     26   2195      0      0      0   0.00   0.00      0   0.00 18480.0  0.000  603.9  0.096      0      0      0    126   1380      3.000   27.200  0.000
08/05/1989   8612    128   4511   2583      0   4504     37   3298     27   2243      0      0      0   0.00   0.00      0   0.00 18508.9  0.000  873.7  0.096      0      0      0    135   1382      3.000   27.100  0.000
08/06/1989   6748     73   3145   2024      0   4923     46   3411     26   2276      0      0      0   0.00   0.00      0   0.00 18532.2  0.000 1129.6  0.096      0      0      0    159   1400      3.000   28.400  0.000
08/07/1989   5259     15   1714   1577      5   5322     50   3558     23   2203      0      0      0   0.00   0.00      0   0.00 18517.8  0.000  281.2  0.000      0      0      0    178   1469      3.000   26.400  0.319
08/08/1989   5497      4    504   1649     10   5695     54   3679     19   2039      0      0      0   0.00   0.00      0   0.00 18532.8  0.000  283.4  0.000      0      0      0      0      0      3.000   20.500  0.000
08/09/1989   5759      2    781   1727     15   6146     57   3709     21   1982      0      0      0   0.00   0.00      0   0.00 18548.3  0.000  313.0  0.000      0      0      0      0      0      3.000   20.600  0.031
08/10/1989   6034      1   1057   1810     20   6578     58   3690     23   1896      0      0      0   0.00   0.00      0   0.00 18523.3  0.000  258.7  0.000      0      0      0      0      0      3.000   16.600  0.669
08/11/1989   6303      0   1339   1890     29   7021     54   3557     26   1944      0      0      0   0.00   0.00      0   0.00 18540.3  0.000  329.4  0.000      0      0      0      0      0      3.000   18.000  0.000
08/12/1989   6579      0   1626   1973     37   7496     56   3496     25   1936      0      0      0   0.00   0.00      0   0.00 18557.7  0.000  426.8  0.000      0      0      0      0      0      3.000   20.300  0.000
08/13/1989   6868      0   1924   2060     46   7954     55   3343     27   2091      0      0      0   0.00   0.00      0   0.00 18575.7  0.000  555.0  0.000      0      0      0      0      0      3.000   23.400  0.000
08/14/1989   6159      0   2231   1847     55   8404     54   3225     29   2186      0      0      0   0.00   0.00      0   0.00 18591.5  0.000  706.9  0.000      0      0      0      0      0      3.000   22.300  0.161
08/15/1989   6650      0   2723   1995     64   8600     54   3229     26   2176      0      0      0   0.00   0.00      0   0.00 18608.4  0.000  910.7  0.000      0      0      0      0      0      3.000   23.600  0.000
08/16/1989   5973      0   3219   1791     72   8695     56   3395     22   2117      0      0      0   0.00   0.00      0   0.00 18623.1  0.000 1131.8  0.000      0      0      0      0      0      3.000   24.600  0.130
08/17/1989   6445      0   3686   1933     78   8924     60   3429     15   1959      0      0      0   0.00   0.00      0   0.00 18597.2  0.000  393.6  0.000      0      0      0      0      0      3.000   24.200  2.512
08/18/1989   7088      0   4328   2126     83   8884     61   3509     12   1836      0      0      0   0.00   0.00      0   0.00 18614.9  0.000  700.7  0.000      0      0      0      0      0      3.000   23.000  0.189
08/19/1989   7700      0   4938   2310     93   8912     57   3568      9   1692      0      0      0   0.00   0.00      0   0.00 18633.8  0.000 1036.0  0.000      0      0      0      0      0      3.000   22.600  0.000
08/20/1989   7036      0   5552   1484    101   8990     52   3452      9   1704      0      0      0   0.00   0.00      0   0.00 18645.0  0.000 1060.4  0.000      0      0      0      0      0      3.000   25.100  0.000
08/21/1989   7676      5   6135   1536    104   9113     47   3254      6   1560      0      0      0   0.00   0.00      0   0.00 18656.5  0.000 1050.9  0.000      0      0      0      0      0      3.000   26.100  0.000
08/22/1989   8409     10   6849   1550    108   9120     41   3074      3   1437      0      0      0   0.00   0.00      0   0.00 18667.8  0.000  987.6  0.000      0      0      0      0      0      3.000   26.900  0.000
08/23/1989   9122     15   7540   1567    113   9095     34   2980      0   1291      0      0      0   0.00   0.00      0   0.00 18679.0  0.000  871.0  0.000      0      0      0      0      0      3.000   28.000  0.051
08/24/1989   9852     20   8246   1586    118   9069     24   2697      0   1305      0      0      0   0.00   0.00      0   0.00 18639.0  0.000    0.0  0.000      0      0      0      0      0      3.000   26.100  0.630
08/25/1989  10623     29   8981   1613    115   8884     18   2552      0   1284      0      0      0   0.00   0.00      0   0.00 18650.5  0.000    0.0  0.000      0      0      0      0      0      3.000   23.700  0.012
08/26/1989  11387     37   9708   1642    113   8688     12   2435      0   1242      0      0      0   0.00   0.00      0   0.00 18662.1  0.000    0.0  0.000      0      0      0      0      0      3.000   22.300  0.000
08/27/1989  10682     46  10432    204    107   8485      9   2310      0   1217      0      0      0   0.00   0.00      0   0.00 18645.2  0.000    0.0  0.000      0      0      0      0      0      3.000   22.300  0.000
08/28/1989  11380     55  11083    242    101   8385      6   2132      0    888      0      0      0   0.00   0.00      0   0.00 18632.9  0.000    0.0  0.000      0      0      0      0      0      3.000   25.200  0.012
08/29/1989  11981     64  11413    504     95   8209      3   2117      0    583      0      0      0   0.00   0.00      0   0.00 18634.3  0.000    0.0  0.000      0      0      0      0      0      3.000   25.400  0.000
08/30/1989  12690     72  11837    781     90   7940      0   2090      0    363      0      0      0   0.00   0.00      0   0.00 18638.2  0.000    0.0  0.000      0      0      0      0      0      3.000   26.700  0.000
08/31/1989  13299     78  12164   1057     84   7780      0   1729      0    523      0      0      0   0.00   0.00      0   0.00 18644.4  0.000    0.0  0.000      0      0      0      0      0      3.000   23.600  0.000
09/01/1989  13943     83  12522   1338     79   7570      0   1395      0    730      0      0      0   0.00   0.00      0   0.00 18653.1  0.000    0.0  0.000      0      0      0      0      0      3.000   24.000  0.000
09/02/1989  14645     93  12928   1624     69   7288      0   1169      0    914      0      0      0   0.00   0.00      0   0.00 18664.2  0.000    0.0  0.000      0      0      0      0      0      3.000   25.900  0.000
09/03/1989  15405    101  13388   1916     61   6931      0   1010      0   1051      0      0      0   0.00   0.00      0   0.00 18677.7  0.000    0.0  0.000      0      0      0      0      0      3.000   22.100  0.000
09/04/1989  16147    109  13815   2223     53   6601      0    908      0   1149      0      0      0   0.00   0.00      0   0.00 18693.7  0.000    0.0  0.000      0      0      0      0      0      3.000   20.800  0.000
09/05/1989  16837    118  14005   2714     44   6000      0   1195      0   1205      0      0      0   0.00   0.00      0   0.00 18713.7  0.000    0.0  0.000      0      0      0      0      0      3.000   20.200  0.039
09/06/1989  17545    128  14207   3210     34   5397      0   1478      2   1336      0      0      0   0.00   0.00      0   0.00 18737.6  0.000    0.0  0.000      0      0      0      0      0      3.000   22.900  0.000
09/07/1989  18080    138  14312   3630     24   5005      0   1694      5   1474      0      0      0   0.00   0.00      0   0.00 18764.4  0.000    0.0  0.000      0      0      0      0      0      3.000   22.100  0.000
09/08/1989  18632    144  14229   4259     18   4687      0   1877      9   1631      0      0      0   0.00   0.00      0   0.00 18795.7  0.000  168.1  0.000      0      0      0      0      0      3.000   22.900  0.000
09/09/1989  19157    150  14172   4835     12   4435      2   2084     12   1768      0      0      0   0.00   0.00      0   0.00 18830.7  0.000  543.4  0.000      0      0      0      0      0      3.000   24.500  0.000
09/10/1989  19722    153  14146   5423      9   4215      5   2254     15   1932      0      0      0   0.00   0.00      0   0.00 18869.2  0.000 1145.9  0.000      0      0      0      0      0      3.000   26.000  0.000
09/11/1989  20107    151  13927   6029      6   4178      9   2457     19   2091      0      0      0   0.00   0.00      0   0.00 18910.9  0.000 2002.3  0.000      0      0      0      0      0      3.000   26.600  0.000
09/12/1989  20503    149  13631   6150      3   4147     14   2703     23   2180      0      0      0   0.00   0.00      0   0.00 18952.0  0.000 2835.3  0.000      0      0      0      0      0      3.000   24.700  0.020
09/13/1989  20906    147  13366   6271      0   4129     20   2981     27   2236      0      0      0   0.00   0.00      0   0.00 18992.3  0.000 3640.1  0.000      0      0      0      0      0      3.000   24.500  0.000
09/14/1989  21069    142  13071   6320      0   4209     28   3212     30   2271      0      0      0   0.00   0.00      0   0.00 19031.5  0.000 4422.3  0.000      0      0      0      0      0      3.000   24.200  0.031
09/15/1989  21471    133  12720   6441      0   4337     37   3409     32   2332      0      0      0   0.00   0.00      0   0.00 18976.2  0.000 1811.5  0.000      0      0      0      0      0      3.000   24.800  0.272
09/16/1989  21587    125  12365   6476      2   4518     45   3586     33   2382      0      0      0   0.00   0.00      0   0.00 19017.1  0.000 2537.0  0.000      0      0      0      0      0      3.000   24.400  0.098
09/17/1989  21707    116  12012   6512      5   4760     53   3715     33   2385      0      0      0   0.00   0.00      0   0.00 19056.5  0.000 3232.3  0.000      0      0      0      0      0      3.000   22.600  0.000
09/18/1989  21498    107  11405   6449      9   5381     60   3809     33   2309      0      0      0   0.00   0.00      0   0.00 19094.1  0.000 3867.7  0.000      0      0      0      0      0      3.000   19.800  0.000
09/19/1989  21298     98  10909   6389     14   6026     66   3877     33   2193      0      0      0   0.00   0.00      0   0.00 19129.8  0.000 4477.8  0.000      0      0      0      0      0      3.000   18.600  0.051
09/20/1989  21475     90  10393   6442     20   6577     71   3920     33   2180      0      0      0   0.00   0.00      0   0.00 19079.2  0.000 1672.2  0.000      0      0      0      0      0      3.000   21.700  1.059
09/21/1989  21413     84  10032   6423     28   7094     74   3882     35   2315      0      0      0   0.00   0.00      0   0.00 19115.9  0.000 2222.8  0.000      0      0      0      0      0      3.000   25.700  0.161
09/22/1989  21711     79   9695   6513     37   7567     76   3799     37   2475      0      0      0   0.00   0.00      0   0.00 19065.8  0.000    0.0  0.000      0      0      0      0      0      3.000   25.700  0.449
09/23/1989  21762     69   9371   6528     47   7995     77   3768     38   2481      0      0      0   0.00   0.00      0   0.00 19103.6  0.000  554.9  0.000      0      0      0      0      0      3.000   21.500  0.079
09/24/1989  21640     61   8992   6492     58   8425     79   3815     33   2171      0      0      0   0.00   0.00      0   0.00 19138.9  0.000 2935.0  0.000      0      0      0      0      0      3.000   13.300  0.000
09/25/1989  22033     53   8658   6609     69   8803     81   3889     28   1873      0      0      0   0.00   0.00      0   0.00 19066.5  0.000 2795.3  0.000      0      0      0      0      0      3.000   13.700  1.079
09/26/1989  21952     44   8400   6585     80   9099     82   3940     27   1812      0      0      0   0.00   0.00      0   0.00 19104.6  0.000 3358.4  0.000      0      0      0      0      0      3.000   19.100  0.031
09/27/1989  21980     34   8211   6594     91   9282     79   3793     28   1855      0      0      0   0.00   0.00      0   0.00 19140.3  0.000 5776.4  0.000      0      0      0      0      0      3.000   14.900  0.000
09/28/1989  21866     24   8173   6559    102   9509     76   3582     29   1874      0      0      0   0.00   0.00      0   0.00 19174.4  0.000 8181.4  0.000      0      0      0      0      0      3.000   14.600  0.000
09/29/1989  21830     18   8195   6549    113   9783     76   3437     28   1843      0      0      0   0.00   0.00      0   0.00 19207.8  0.000 8790.2  0.000      0      0      0      0      0      3.000   18.800  0.000
09/30/1989  22473     14   8287   6741    122   9989     74   3173     28   1890      0      0      0   0.00   0.00      0   0.00 19137.7  0.000 8648.4  0.000      0      0      0      0      0      3.000   17.500  0.591
10/01/1989  23176     14   8401   6952    132  10058     70   2975     29   1970      0      0      0   0.00   0.00      0   0.00 19079.8  0.000 5747.0  0.000      0      0      0      0      0      3.000   18.300  1.598
10/02/1989  23303     15   8726   6990    141   9863     67   3109     30   2044      0      0      0   0.00   0.00      0   0.00 19119.4  0.000 6512.2  0.000      0      0      0      0      0      3.000   22.800  0.169
10/03/1989  23406     17   9030   7021    148   9682     64   3190     32   2135      0      0      0   0.00   0.00      0   0.00 19157.4  0.000 7297.7  0.000      0      0      0      0      0      3.000   22.200  0.000
10/04/1989  23440     20   9346   7032    150   9634     66   3133     30   2047      0      0      0   0.00   0.00      0   0.00 19193.6  0.000 9878.2  0.000      0      0      0      0      0      3.000   15.900  0.000
10/05/1989  23516     28   9692   7054    150   9447     69   3298     25   1793      0      0      0   0.00   0.00      0   0.00 19228.3  0.000 12466.9  0.000      0      0      0      0      0      3.000   13.900  0.000
10/06/1989  22835     37  10078   6850    152   9224     69   3451     22   1717      0      0      0   0.00   0.00      0   0.00 19260.6  0.000 13326.1  0.000      0      0      0      0      0      3.000   20.700  0.000
10/07/1989  22898     47  10486   6869    151   9095     68   3337     20   1723      0      0      0   0.00   0.00      0   0.00 19291.6  0.000 14214.3  0.000      0      0      0      0      0      3.000   18.300  0.000
10/08/1989  22930     58  10860   6879    149   8952     65   3201     19   1636      0      0      0   0.00   0.00      0   0.00 19321.5  0.000 16738.1  0.000      0      0      0      0      0      3.000   12.300  0.000
10/09/1989  22973     69  11499   6891    148   8885     63   3198     14   1313      0      0      0   0.00   0.00      0   0.00 19350.2  0.000 19266.2  0.000      0      0      0      0      0      3.000    9.600  0.000
10/10/1989  22384     80  12096   6715    146   8946     60   3016     12   1099      0      0      0   0.00   0.00      0   0.00 19377.0  0.000 21729.1  0.000      0      0      0      0      0      3.000   11.200  0.000
10/11/1989  21918     91  12677   6575    145   8907     55   2702     11   1105      0      0      0   0.00   0.00      0   0.00 19402.2  0.000 24140.0  0.000      0      0      0      0      0      3.000   14.700  0.000
10/12/1989  22092    102  13291   6627    145   8617     47   2464     12   1217      0      0      0   0.00   0.00      0   0.00 19426.6  0.000 26570.2  0.000      0      0      0      0      0      3.000   17.000  0.000
10/13/1989  21463    113  13841   6438    145   8264     40   2322     12   1317      0      0      0   0.00   0.00      0   0.00 19449.0  0.000 27486.2  0.000      0      0      0      0      0      3.000   19.000  0.000
10/14/1989  21563    124  14244   6468    142   8143     36   2090     11   1328      0      0      0   0.00   0.00      0   0.00 19470.7  0.000 28423.2  0.000      0      0      0      0      0      3.000   19.400  0.000
10/15/1989  21423    137  14411   6426    135   8169     34   1958     10   1314      0      0      0   0.00   0.00      0   0.00 19491.4  0.000 29364.9  0.000      0      0      0      0      0      3.000   20.300  0.000
10/16/1989  21414    150  14565   6424    130   8027     30   2003      8   1290      0      0      0   0.00   0.00      0   0.00 19511.4  0.000 30298.8  0.000      0      0      0      0      0      3.000   22.100  0.000
10/17/1989  20433    162  14851   5420    124   7644     27   2105      7   1283      0      0      0   0.00   0.00      0   0.00 19527.3  0.000 30841.6  0.000      0      0      0      0      0      3.000   22.300  0.020
10/18/1989  21030    170  14930   5930    121   7413     25   2173      5   1212      0      0      0   0.00   0.00      0   0.00 19467.1  0.000 28446.1  0.000      0      0      0      0      0      3.000   20.200  0.941
10/19/1989  21612    178  14965   6469    116   7258     24   2188      3   1044      0      0      0   0.00   0.00      0   0.00 19413.1  0.000 28308.3  0.000      0      0      0      0      0      3.000   13.200  0.709
10/20/1989  22303    189  15063   6690    109   7018     22   2171      1    813      0      0      0   0.00   0.00      0   0.00 19356.6  0.000 28167.3  0.000      0      0      0      0      0      3.000    8.700  0.000
10/21/1989  22530    196  15052   6759    104   6840     19   2068      0    655      0      0      0   0.00   0.00      0   0.00 19383.5  0.000 30646.5  0.000      0      0      0      0      0      3.000    8.800  0.000
10/22/1989  22758    202  15003   6827     99   6616     15   1904      0    621      0      0      0   0.00   0.00      0   0.00 19409.4  0.000 33150.9  0.000      0      0      0      0      0      3.000   10.800  0.000
10/23/1989  23075    208  15016   6922     93   6288     11   1670      0    667      0      0      0   0.00   0.00      0   0.00 19434.6  0.000 35690.6  0.000      0      0      0      0      0      3.000   11.300  0.000
10/24/1989  23376    212  15007   7012     87   5995      8   1433      0    714      0      0      0   0.00   0.00      0   0.00 19459.1  0.000 38263.7  0.000      0      0      0      0      0      3.000   11.700  0.000
10/25/1989  23535    216  14814   7060     80   5852      5   1242      1    748      0      0      0   0.00   0.00      0   0.00 19482.6  0.000 40854.6  0.000      0      0      0      0      0      3.000   13.200  0.000
10/26/1989  23637    219  14538   7091     71   5707      3   1125      2    786      0      0      0   0.00   0.00      0   0.00 19505.1  0.000 43457.1  0.000      0      0      0      0      0      3.000   13.900  0.000
10/27/1989  23885    221  14392   7165     62   5322      1   1103      3    826      0      0      0   0.00   0.00      0   0.00 19526.9  0.000 46087.0  0.000      0      0      0      0      0      3.000   14.600  0.000
10/28/1989  24373    219  14155   7311     55   4942      1   1177      3    837      0      0      0   0.00   0.00      0   0.00 19548.2  0.000 48771.1  0.000      0      0      0      0      0      3.000   14.200  0.000
10/29/1989  24685    214  13789   7405     49   4726      2   1256      3    869      0      0      0   0.00   0.00      0   0.00 19568.7  0.000 51490.2  0.000      0      0      0      0      0      3.000   16.200  0.000
10/30/1989  24825    211  13396   7447     41   4630      3   1308      3    909      0      0      0   0.00   0.00      0   0.00 19588.4  0.000 54224.9  0.000      0      0      0      0      0      3.000   17.400  0.000
10/31/1989  24936    206  13061   7480     35   4510      4   1347      3    973      0      0      0   0.00   0.00      0   0.00 19607.4  0.000 55132.3  0.000      0      0      0      0      0      3.000   18.800  0.000
11/01/1989  25029    200  12714   7508     30   4335      5   1411      3    950      0      0      0   0.00   0.00      0   0.00 19625.5  0.000 57889.6  0.000      0      0      0      0      0      3.000   14.900  0.000
11/02/1989  25443    192  12298   7632     27   4161      6   1469      2    852      0      0      0   0.00   0.00      0   0.00 19550.2  0.000 57734.4  0.000      0      0      0      0      0      3.000   11.200  1.110
11/03/1989  25509    185  11903   7652     23   3979      7   1534      1    720      0      0      0   0.00   0.00      0   0.00 19571.2  0.000 60545.2  0.000      0      0      0      0      0      3.000   10.200  0.012
11/04/1989  25914    178  11561   7774     20   3833      7   1535      0    594      0      0      0   0.00   0.00      0   0.00 19591.5  0.000 65627.5  0.000      0      0      0      0      0      3.000    7.500  0.000
11/05/1989  25541    169  11441   7662     17   3684      6   1484      0    582      0      0      0   0.00   0.00      0   0.00 19610.6  0.000 68442.0  0.000      0      0      0      0      0      3.000   10.700  0.000
11/06/1989  23903    160  11320   7170     14   3558      5   1385      0    633      0      0      0   0.00   0.00      0   0.00 19627.7  0.000 71073.8  0.000      0      0      0      0      0      3.000   14.200  0.000
11/07/1989  23659    151  11032   7097     12   3459      4   1220      0    740      0      0      0   0.00   0.00      0   0.00 19643.8  0.000 73678.5  0.000      0      0      0      0      0      3.000   16.000  0.000
11/08/1989  23992    146  10798   7197     10   3445      3   1093      0    812      0      0      0   0.00   0.00      0   0.00 19589.4  0.000 70665.9  0.000      0      0      0      0      0      3.000   18.300  0.201
11/09/1989  24234    140  10490   7270      9   3464      2   1068      0    833      0      0      0   0.00   0.00      0   0.00 19535.2  0.000 67637.9  0.000      0      0      0      0      0      3.000   18.100  0.618
11/10/1989  23705    131  10002   7111      8   3498      1   1108      0    755      0      0      0   0.00   0.00      0   0.00 19555.3  0.000 70247.8  0.000      0      0      0      0      0      3.000   10.900  0.000
11/11/1989  23145    123   9563   6943      8   3510      0   1185      0    667      0      0      0   0.00   0.00      0   0.00 19574.1  0.000 72795.3  0.000      0      0      0      0      0      3.000   12.000  0.000
11/12/1989  22625    114   9141   6787      8   3437      0   1307      0    634      0      0      0   0.00   0.00      0   0.00 19591.7  0.000 75284.8  0.000      0      0      0      0      0      3.000   16.700  0.000
11/13/1989  22088    104   8625   6626      8   3413      0   1281      0    696      0      0      0   0.00   0.00      0   0.00 19608.1  0.000 77714.7  0.000      0      0      0      0      0      3.000   17.600  0.000
11/14/1989  21542     95   8142   6462      8   3429      0   1219      0    753      0      0      0   0.00   0.00      0   0.00 19623.9  0.000 78343.0  0.000      0      0      0      0      0      3.000   18.800  0.059
11/15/1989  21780     85   7842   6534      8   3429      0   1201      0    743      0      0      0   0.00   0.00      0   0.00 19553.8  0.000 78204.4  0.000      0      0      0      0      0      3.000   17.600  0.531
11/16/1989  21245     74   7618   6373      8   3439      0   1165      0    685      0      0      0   0.00   0.00      0   0.00 19571.1  0.000 80540.3  0.000      0      0      0      0      0      3.000   13.400  0.189
11/17/1989  21500     63   7251   6450      8   3436      0   1139      0    494      0      0      0   0.00   0.00      0   0.00 19500.9  0.000 80390.5  0.000      0      0      0      0      0      3.000    3.800  0.000
11/18/1989  21751     56   6956   6525      7   3347      0   1189      0    347      0      0      0   0.00   0.00      0   0.00 19429.1  0.000 80239.7  0.000      0      0      0      0      0      3.000    5.800  0.000
11/19/1989  22035     51   6851   6610      6   3237      0   1183      0    222      0      0      0   0.00   0.00      0   0.00 19355.9  0.000 80087.9  0.000      0      0      0      0      0      3.000    4.100  0.000
11/20/1989  21543     44   6847   6462      5   3161      0    999      0    316      0      0      0   0.00   0.00      0   0.00 19381.2  0.000 82456.9  0.000      0      0      0      0      0      3.000   11.500  0.000
11/21/1989  21860     39   6830   6558      4   3070      0    840      0    362      0      0      0   0.00   0.00      0   0.00 19405.8  0.000 84861.5  0.000      0      0      0      0      0      3.000   10.200  0.000
11/22/1989  22122     35   6696   6636      3   3040      0    652      0    323      0      0      0   0.00   0.00      0   0.00 19331.4  0.000 84709.4  0.000      0      0      0      0      0      3.000    1.600  0.839
11/23/1989  22327     33   6482   6698      2   3052      0    572      0    184      0      0      0   0.00   0.00      0   0.00 19255.7  0.000 84556.5  0.000      0      0      0      0      0      3.000    1.000  0.382
11/24/1989  22513     30   6233   6753      1   3035      0    517      0     47      0      0      0   0.00   0.00      0   0.00 19178.7  0.000 84403.0  0.000      0      0      0      0      0      3.000   -0.400  0.000
11/25/1989  22649     27   5962   6794      0   2940      0    481      0     87      0      0      0   0.00   0.00      0   0.00 19100.5  0.000 84249.1  0.000      0      0      0      0      0      3.000    4.900  0.000
11/26/1989  21389     23   5750   6416      0   2817      0    409      0    221      0      0      0   0.00   0.00      0   0.00 19135.4  0.000 86601.0  0.000      0      0      0      0      0      3.000   12.900  0.000
11/27/1989  20958     19   5576   6287      0   2624      0    342      0    355      0      0      0   0.00   0.00      0   0.00 19168.3  0.000 88905.0  0.000      0      0      0      0      0      3.000   11.600  0.000
11/28/1989  19633     16   5419   5889      0   2516      0    252      0    454      0      0      0   0.00   0.00      0   0.00 19197.9  0.000 91061.5  0.000      0      0      0      0      0      3.000   16.000  0.000
11/29/1989  19897     13   5350   5969      0   2367      0    268      0    382      0      0      0   0.00   0.00      0   0.00 19129.3  0.000 90917.5  0.000      0      0      0      0      0      3.000    7.000  0.000
11/30/1989  20157     11   5365   6047      0   2114      0    374      0    300      0      0      0   0.00   0.00      0   0.00 19059.8  0.000 90772.6  0.000      0      0      0      0      0      3.000    4.300  0.000
12/01/1989  20324      9   5361   6097      0   1945      0    522      0    204      0      0      0   0.00   0.00      0   0.00 19094.5  0.000 94742.5  0.000      0      0      0      0      0      3.000    6.200  0.000
12/02/1989  20502      8   5362   6150      0   1747      0    603      0    191      0      0      0   0.00   0.00      0   0.00 19128.1  0.000 98747.6  0.000      0      0      0      0      0      3.000    6.100  0.000
12/03/1989  20731      8   5378   6219      0   1567      0    587      0    159      0      0      0   0.00   0.00      0   0.00 19056.6  0.000 98600.5  0.000      0      0      0      0      0      3.000    1.500  0.000
12/04/1989  20962      8   5390   6288      0   1470      0    505      0    105      0      0      0   0.00   0.00      0   0.00 18984.0  0.000 98452.6  0.000      0      0      0      0      0      3.000    1.300  0.000
12/05/1989  21198      8   5401   6359      0   1349      0    439      0    117      0      0      0   0.00   0.00      0   0.00 19023.1  0.000 102596.2  0.000      0      0      0      0      0      3.000    7.800  0.000
12/06/1989  18816      8   5373   5644      0   1278      0    292      0    215      0      0      0   0.00   0.00      0   0.00 19056.4  0.000 104661.8  0.000      0      0      0      0      0      3.000   12.600  0.000
12/07/1989  17174      8   5289   5152      0   1167      0    228      0    290      0      0      0   0.00   0.00      0   0.00 19085.9  0.000 106545.2  0.000      0      0      0      0      0      3.000   10.200  0.110
12/08/1989  17220      8   5069   5166      0   1155      0    256      0    215      0      0      0   0.00   0.00      0   0.00 19027.4  0.000 106411.7  0.000      0      0      0      0      0      3.000    0.300  1.280
12/09/1989  17292      7   4883   5187      0   1135      0    303      0     97      0      0      0   0.00   0.00      0   0.00 18968.3  0.000 106277.9  0.000      0      0      0      0      0      3.000   -3.000  0.630
12/10/1989  17340      6   4642   5202      0   1136      0    327      0      5      0      0      0   0.00   0.00      0   0.00 18908.6  0.000 106143.8  0.000      0      0      0      0      0      3.000   -0.800  0.000
12/11/1989  17479      5   4476   5243      0    998      0    312      0     26      0      0      0   0.00   0.00      0   0.00 18847.9  0.000 106009.3  0.000      0      0      0      0      0      3.000    2.600  0.000
12/12/1989  17596      4   4272   5278      0    878      0    295      0     48      0      0      0   0.00   0.00      0   0.00 18786.4  0.000 105874.2  0.000      0      0      0      0      0      3.000    2.100  0.469
12/13/1989  17604      3   4015   5281      0    930      0    215      0     53      0      0      0   0.00   0.00      0   0.00 18724.2  0.000 105739.2  0.000      0      0      0      0      0      3.000    0.300  0.079
12/14/1989  17603      2   3808   5280      0   1029      0    123      0     43      0      0      0   0.00   0.00      0   0.00 18661.5  0.000 105604.1  0.000      0      0      0      0      0      3.000    1.500  0.000
12/15/1989  17583      1   3599   5274      0   1121      0     53      0     66      0      0      0   0.00   0.00      0   0.00 18598.5  0.000 105469.1  0.000      0      0      0      0      0      3.000    5.000  0.000
12/16/1989  17631      0   3508   5289      0   1058      0     53      0     61      0      0      0   0.00   0.00      0   0.00 18535.0  0.000 105334.0  0.000      0      0      0      0      0      3.000   -4.300  0.000
12/17/1989  17765      0   3447   5329      0    905      0     69      0     45      0      0      0   0.00   0.00      0   0.00 18470.9  0.000 105198.2  0.000      0      0      0      0      0      3.000   -4.800  0.000
12/18/1989  17879      0   3321   5363      0    771      0    114      0      0      0      0      0   0.00   0.00      0   0.00 18406.2  0.000 105062.1  0.000      0      0      0      0      0      3.000   -1.100  0.000
12/19/1989  18026      0   3222   5407      0    630      0     88      0      0      0      0      0   0.00   0.00      0   0.00 18340.6  0.000 104925.3  0.000      0      0      0      0      0      3.000   -2.400  0.161
12/20/1989  18087      0   3017   5426      0    571      0     66      0      0      0      0      0   0.00   0.00      0   0.00 18274.3  0.000 104788.4  0.000      0      0      0      0      0      3.000   -2.400  0.000
12/21/1989  18119      0   2788   5435      0    524      0     61      0      0      0      0      0   0.00   0.00      0   0.00 18207.5  0.000 104651.3  0.000      0      0      0      0      0      3.000   -1.000  0.000
12/22/1989  18170      0   2671   5451      0    469      0     45      0      0      0      0      0   0.00   0.00      0   0.00 18140.2  0.000 104513.9  0.000      0      0      0      0      0      3.000   -8.700  0.000
12/23/1989  18218      0   2541   5465      0    446      0      0      0      0      0      0      0   0.00   0.00      0   0.00 18072.4  0.000 104376.4  0.000      0      0      0      0      0      3.000   -8.800  0.000
12/24/1989  18217      0   2313   5465      0    426      0      0      0      0      0      0      0   0.00   0.00      0   0.00 18004.2  0.000 104239.0  0.000      0      0      0      0      0      3.000   -6.700  0.000
12/25/1989  18213      0   2080   5463      0    409      0      0      0      0      0      0      0   0.00   0.00      0   0.00 17935.5  0.000 104101.5  0.000      0      0      0      0      0      3.000   -4.500  0.000
12/26/1989  18272      0   1905   5481      0    329      0      0      0     15      0      0      0   0.00   0.00      0   0.00 17866.2  0.000 103963.8  0.000      0      0      0      0      0      3.000    1.300  0.000
12/27/1989  18369      0   1785   5510      0    211      0      0      0     15      0      0      0   0.00   0.00      0   0.00 17796.3  0.000 103825.7  0.000      0      0      0      0      0      3.000   -2.000  0.000
12/28/1989  18440      0   1685   5532      0    119      0      0      0     42      0      0      0   0.00   0.00      0   0.00 17725.9  0.000 103687.3  0.000      0      0      0      0      0      3.000    2.600  0.000
12/29/1989  18424      0   1626   5527      0    114      0     15      0     85      0      0      0   0.00   0.00      0   0.00 17655.5  0.000 103549.0  0.000      0      0      0      0      0      3.000    6.400  0.000
12/30/1989  17773      0   1535   5331      0    114      0     15      0    181      0      0      0   0.00   0.00      0   0.00 18294.2  0.000 105498.7  0.000      0      0      0      0      0      3.000   11.300  0.000
12/31/1989  17752      0   1468   5325      0    114      0     42      0    270      0      0      0   0.00   0.00      0   0.00 18226.2  0.000 105379.3  0.000      0      0      0      0      0      3.000   14.500  0.280
01/01/1990  17757      0   1336   5327      0     88      0    100      0    277      0      0      0   0.00   0.00      0   0.00 18157.8  0.000 105243.6  0.000      0      0      0      0      0      3.000    7.000  0.130
01/02/1990  17758      0   1221   5327      0     66      0    196      0    198      0      0      0   0.00   0.00      0   0.00 18089.1  0.000 105108.0  0.000      0      0      0      0      0      3.000    1.500  0.000
01/03/1990  17742      0   1198   5322      0     76      0    297      0    148      0      0      0   0.00   0.00      0   0.00 18150.0  0.000 108564.7  0.000      0      0      0      0      0      3.000    6.900  0.000
01/04/1990  16554      0   1195   4966      0     60      0    362      0    197      0      0      0   0.00   0.00      0   0.00 18205.0  0.000 110379.2  0.000      0      0      0      0      0      3.000   13.100  0.000
01/05/1990  15878      0   1240   4763      0     42      0    352      0    287      0      0      0   0.00   0.00      0   0.00 18256.2  0.000 112118.6  0.000      0      0      0      0      0      3.000   12.100  0.051
01/06/1990  15857      0   1172   4757      0    100      0    360      0    311      0      0      0   0.00   0.00      0   0.00 18195.2  0.000 112008.7  0.000      0      0      0      0      0      3.000    9.800  0.311
01/07/1990  15836      0   1019   4750      0    196      0    378      0    261      0      0      0   0.00   0.00      0   0.00 18133.7  0.000 111880.9  0.000      0      0      0      0      0      3.000    6.500  0.059
01/08/1990  15815      0    885   4744      0    312      0    369      0    205      0      0      0   0.00   0.00      0   0.00 18072.0  0.000 111753.1  0.000      0      0      0      0      0      3.000    4.800  0.500
01/09/1990  15794      0    718   4738      0    377      0    394      0    172      0      0      0   0.00   0.00      0   0.00 18010.1  0.000 111625.5  0.000      0      0      0      0      0      3.000    5.400  0.000
01/10/1990  15773      0    637   4731      0    394      0    441      0    186      0      0      0   0.00   0.00      0   0.00 18066.3  0.000 114691.3  0.000      0      0      0      0      0      3.000    7.500  0.000
01/11/1990  12492      0    585   3747      0    460      0    426      0    223      0      0      0   0.00   0.00      0   0.00 18109.6  0.000 114890.6  0.000      0      0      0      0      0      3.000    8.400  0.000
01/12/1990  12472      0    514   3741      0    574      0    369      0    237      0      0      0   0.00   0.00      0   0.00 18060.8  0.000 114777.7  0.000      0      0      0      0      0      3.000    7.100  0.000
01/13/1990  12452      0    446   3735      0    681      0    340      0    176      0      0      0   0.00   0.00      0   0.00 18011.9  0.000 114664.9  0.000      0      0      0      0      0      3.000    1.200  0.000
01/14/1990  12432      0    426   3729      0    771      0    338      0    127      0      0      0   0.00   0.00      0   0.00 17963.2  0.000 114552.1  0.000      0      0      0      0      0      3.000    3.300  0.000
01/15/1990  10446      0    409   3133      0    835      0    345      0    158      0      0      0   0.00   0.00      0   0.00 18338.1  0.000 114647.2  0.000      0      0      0      0      0      3.000   10.000  0.000
01/16/1990  10135      0    344   3040      0    871      0    311      0    254      0      0      0   0.00   0.00      0   0.00 18368.3  0.000 114738.6  0.000      0      0      0      0      0      3.000   12.000  0.000
01/17/1990   9742      0    226   2922      0    928      0    293      0    346      0      0      0   0.00   0.00      0   0.00 18396.8  0.000 114825.6  0.000      0      0      0      0      0      3.000   14.100  0.000
01/18/1990   9368      0    161   2810      0    979      0    317      0    385      0      0      0   0.00   0.00      0   0.00 18423.6  0.000 114908.5  0.000      0      0      0      0      0      3.000   15.300  0.000
01/19/1990   9407      0    214   2822      0   1009      0    342      0    378      0      0      0   0.00   0.00      0   0.00 18386.3  0.000 114833.4  0.000      0      0      0      0      0      3.000   10.500  0.000
01/20/1990   9484      0    310   2845      0    984      0    402      0    344      0      0      0   0.00   0.00      0   0.00 18348.4  0.000 114757.9  0.000      0      0      0      0      0      3.000    9.200  0.000
01/21/1990   9581      0    426   2874      0    885      0    526      0    351      0      0      0   0.00   0.00      0   0.00 18311.4  0.000 114681.8  0.000      0      0      0      0      0      3.000   15.100  0.902
01/22/1990   9627      0    465   2888      0    859      0    593      0    345      0      0      0   0.00   0.00      0   0.00 18340.5  0.000 114768.2  0.000      0      0      0      0      0      3.000    9.000  0.000
01/23/1990   8024      0    460   2407      0    944      0    588      0    356      0      0      0   0.00   0.00      0   0.00 18364.4  0.000 114839.4  0.000      0      0      0      0      0      3.000    9.600  0.000
01/24/1990   8072      0    521   2421      0    991      0    623      0    315      0      0      0   0.00   0.00      0   0.00 18333.0  0.000 114772.3  0.000      0      0      0      0      0      3.000   10.100  0.051
01/25/1990   8168      0    619   2450      0   1008      0    592      0    375      0      0      0   0.00   0.00      0   0.00 18301.2  0.000 114704.5  0.000      0      0      0      0      0      3.000   16.200  0.390
01/26/1990   8257      0    681   2477      0   1042      0    559      0    335      0      0      0   0.00   0.00      0   0.00 18270.1  0.000 114613.4  0.000      0      0      0      0      0      3.000    5.600  0.409
01/27/1990   8329      0    771   2498      0   1058      0    560      0    291      0      0      0   0.00   0.00      0   0.00 18238.9  0.000 114521.9  0.000      0      0      0      0      0      3.000    5.000  0.000
01/28/1990   8232      0    835   2469      0   1091      0    623      0    236      0      0      0   0.00   0.00      0   0.00 18264.9  0.000 114596.8  0.000      0      0      0      0      0      3.000    8.700  0.000
01/29/1990   8266      0    886   2479      0   1188      0    543      0    325      0      0      0   0.00   0.00      0   0.00 18233.1  0.000 114528.4  0.000      0      0      0      0      0      3.000   13.900  0.272
01/30/1990   8306      0    943   2491      0   1231      0    506      0    364      0      0      0   0.00   0.00      0   0.00 18201.4  0.000 114437.1  0.000      0      0      0      0      0      3.000    8.000  0.000
01/31/1990   8180      0   1021   2454      0   1261      0    503      0    380      0      0      0   0.00   0.00      0   0.00 18227.9  0.000 114512.1  0.000      0      0      0      0      0      3.000    9.500  0.000
02/01/1990   8046      0   1109   2413      0   1280      0    553      0    350      0      0      0   0.00   0.00      0   0.00 18253.5  0.000 114585.3  0.000      0      0      0      0      0      3.000    9.900  0.000
02/02/1990   2674      0   1180    802      0   1369      0    495      0    441      0      0      0   0.00   0.00      0   0.00 18262.0  0.000 114608.9  0.000      0      0      0      0      0      3.000   16.600  0.000
02/03/1990   2265      0   1197    679      0   1420      0    548      0    408      0      0      0   0.00   0.00      0   0.00 18269.2  0.000 114628.9  0.000      0      0      0      0      0      3.000   16.800  0.012
02/04/1990   2296      0   1236    688      0   1444      0    612      0    345      0      0      0   0.00   0.00      0   0.00 18276.5  0.000 114649.0  0.000      0      0      0      0      0      3.000   14.600  0.020
02/05/1990   2390      0   1338    717      0   1447      0    700      0    183      0      0      0   0.00   0.00      0   0.00 18269.5  0.000 114601.2  0.000      0      0      0      0      0      3.000    6.000  0.000
02/06/1990   2495      0   1436    748      0   1491      0    631      0    135      0      0      0   0.00   0.00      0   0.00 18277.4  0.000 114639.1  0.000      0      0      0      0      0      3.000    8.000  0.000
02/07/1990   2128      0   1567    561      0   1462      0    593      0    133      0      0      0   0.00   0.00      0   0.00 18283.3  0.000 114655.2  0.000      0      0      0      0      0      3.000   12.900  0.098
02/08/1990   2208      0   1681    527      0   1442      0    503      0    135      0      0      0   0.00   0.00      0   0.00 18288.9  0.000 114670.2  0.000      0      0      0      0      0      3.000   10.300  0.000
02/09/1990   2124      0   1729    395      0   1463      0    416      0    137      0      0      0   0.00   0.00      0   0.00 18292.9  0.000 114680.9  0.000      0      0      0      0      0      3.000   14.700  0.189
02/10/1990   2213      0   1730    483      0   1559      0    285      0    109      0      0      0   0.00   0.00      0   0.00 18287.8  0.000 114654.8  0.000      0      0      0      0      0      3.000   14.500  1.118
02/11/1990   2353      0   1762    591      0   1499      0    230      0    100      0      0      0   0.00   0.00      0   0.00 18282.2  0.000 114607.3  0.000      0      0      0      0      0      3.000    7.700  0.000
02/12/1990   2445      0   1797    648      0   1463      0    208      0     86      0      0      0   0.00   0.00      0   0.00 18276.2  0.000 114558.9  0.000      0      0      0      0      0      3.000    7.300  0.000
02/13/1990   2544      0   1888    656      0   1386      0    211      0     98      0      0      0   0.00   0.00      0   0.00 18283.1  0.000 114578.0  0.000      0      0      0      0      0      3.000   12.000  0.000
02/14/1990   2591      0   1929    662      0   1319      0    195      0    136      0      0      0   0.00   0.00      0   0.00 18290.1  0.000 114597.2  0.000      0      0      0      0      0      3.000   16.400  0.000
02/15/1990   2653      0   1975    678      0   1221      0    161      0    178      0      0      0   0.00   0.00      0   0.00 18297.0  0.000 114604.6  0.000      0      0      0      0      0      3.000   18.900  0.000
02/16/1990   2712      0   1936    776      0   1186      0    174      0    204      0      0      0   0.00   0.00      0   0.00 18288.5  0.000 114324.0  0.000      0      0      0      0      0      3.000   18.500  1.220
02/17/1990   2699      0   1909    790      0   1165      0    194      0    205      0      0      0   0.00   0.00      0   0.00 18296.8  0.000 114347.9  0.000      0      0      0      0      0      3.000   13.100  0.000
02/18/1990   2796      0   1950    838      0   1094      0    230      0    169      0      0      0   0.00   0.00      0   0.00 18289.7  0.000 114296.0  0.000      0      0      0      0      0      3.000    6.000  0.181
02/19/1990   2945      0   2056    883      0    961      0    278      0    150      0      0      0   0.00   0.00      0   0.00 18282.4  0.000 114263.8  0.000      0      0      0      0      0      3.000    9.200  0.441
02/20/1990   3039      0   2101    911      0    887      0    313      0    134      0      0      0   0.00   0.00      0   0.00 18274.7  0.000 114209.6  0.000      0      0      0      0      0      3.000    7.500  0.000
02/21/1990   3152      0   2144    945      0    812      0    301      0    142      0      0      0   0.00   0.00      0   0.00 18284.8  0.000 114259.9  0.000      0      0      0      0      0      3.000    6.200  0.000
02/22/1990   3272      0   2183    981      0    747      0    292      0    177      0      0      0   0.00   0.00      0   0.00 18276.3  0.000 114225.2  0.000      0      0      0      0      0      3.000   13.500  0.311
02/23/1990   3458      0   2305   1037      0    624      0    269      0    234      0      0      0   0.00   0.00      0   0.00 18267.4  0.000 114189.0  0.000      0      0      0      0      0      3.000   15.200  0.228
02/24/1990   3539      0   2376   1061      0    608      0    239      0    253      0      0      0   0.00   0.00      0   0.00 18258.2  0.000 114130.4  0.000      0      0      0      0      0      3.000    7.300  0.000
02/25/1990   3596      0   2401   1078      0    607      0    264      0    165      0      0      0   0.00   0.00      0   0.00 18248.9  0.000 114071.2  0.000      0      0      0      0      0      3.000   -1.500  0.000
02/26/1990   3620      0   2330   1086      0    610      0    334      0     61      0      0      0   0.00   0.00      0   0.00 18239.4  0.000 114011.9  0.000      0      0      0      0      0      3.000   -2.600  0.000
02/27/1990   3653      0   2257   1095      0    623      0    342      0     62      0      0      0   0.00   0.00      0   0.00 18229.0  0.000 113952.3  0.000      0      0      0      0      0      3.000    6.400  0.000
02/28/1990   3707      0   2188   1112      0    608      0    295      0    159      0      0      0   0.00   0.00      0   0.00 18241.0  0.000 113987.3  0.000      0      0      0      0      0      3.000   10.000  0.000
03/01/1990   3732      0   2080   1119      0    617      0    253      0    251      0      0      0   0.00   0.00      0   0.00 18230.5  0.000 113927.0  0.000      0      0      0      0      0      3.000    8.500  0.000
03/02/1990   3767      0   2016   1130      0    663      0    227      0    296      0      0      0   0.00   0.00      0   0.00 18219.7  0.000 113888.5  0.000      0      0      0      0      0      3.000    9.400  0.071
03/03/1990   3794      0   1953   1138      0    733      0    220      0    328      0      0      0   0.00   0.00      0   0.00 18208.1  0.000 113849.8  0.000      0      0      0      0      0      3.000   10.900  0.610
03/04/1990   3811      0   1829   1143      0    770      0    251      0    320      0      0      0   0.00   0.00      0   0.00 18196.3  0.000 113788.9  0.000      0      0      0      0      0      3.000    6.200  0.000
03/05/1990   3785      0   1757   1135      0    742      0    358      0    322      0      0      0   0.00   0.00      0   0.00 18208.8  0.000 113852.2  0.000      0      0      0      0      0      3.000    7.800  0.000
03/06/1990   3822      0   1695   1146      0    696      0    487      0    357      0      0      0   0.00   0.00      0   0.00 18221.3  0.000 113888.6  0.000      0      0      0      0      0      3.000   12.300  0.000
03/07/1990   3876      0   1650   1162      0    696      0    509      0    351      0      0      0   0.00   0.00      0   0.00 18208.9  0.000 113827.1  0.000      0      0      0      0      0      3.000    4.800  0.000
03/08/1990   3938      0   1560   1181      0    723      0    521      0    300      0      0      0   0.00   0.00      0   0.00 18195.9  0.000 113765.1  0.000      0      0      0      0      0      3.000    3.300  0.020
03/09/1990   4002      0   1564   1200      0    743      0    593      0    289      0      0      0   0.00   0.00      0   0.00 18209.0  0.000 113803.7  0.000      0      0      0      0      0      3.000    9.500  0.079
03/10/1990   4055      0   1564   1216      0    787      0    564      0    450      0      0      0   0.00   0.00      0   0.00 18222.2  0.000 113842.6  0.000      0      0      0      0      0      3.000   16.000  0.000
03/11/1990   4078      0   1493   1223      0    882      0    493      0    681      0      0      0   0.00   0.00      0   0.00 18235.7  0.000 113852.7  0.000      0      0      0      0      0      3.000   20.000  0.000
03/12/1990   4119      0   1389   1235      0    913      0    562      0    856      0      0      0   0.00   0.00      0   0.00 18249.3  0.000 113861.7  0.000      0      0      0      0      0      3.000   23.200  0.000
03/13/1990   4153      0   1334   1245      0    975      0    692      0    958      0      0      0   0.00   0.00      0   0.00 18262.8  0.000 113870.9  0.000      0      0      0      0      0      3.000   22.900  0.000
03/14/1990   4181      0   1255   1254      0   1097      0    817      0   1018      0      0      0   0.00   0.00      0   0.00 18276.4  0.000 113881.3  0.000      0      0      0      0      0      3.000   22.500  0.000
03/15/1990   4254      0   1216   1276      0   1087      0   1067      0   1042      0      0      0   0.00   0.00      0   0.00 18290.0  0.000 113892.9  0.000      0      0      0      0      0      3.000   21.600  0.000
03/16/1990   4043      0   1127   1212      0   1041      0   1350      1   1078      0      0      0   0.00   0.00      0   0.00 18302.9  0.000 113901.9  0.000      0      0      0      0      0      3.000   22.800  0.000
03/17/1990   4089      0   1100   1226      0   1133      0   1546      1   1074      0      0      0   0.00   0.00      0   0.00 18292.5  0.000 113345.9  0.000      0      0      0      0      0      3.000   20.000  0.740
03/18/1990   4073      0   1036   1221      0   1372      0   1659      1    993      0      0      0   0.00   0.00      0   0.00 18305.0  0.000 113386.6  0.000      0      0      0      0      0      3.000   13.800  0.012
03/19/1990   4024      0   1005   1207      0   1661      1   1747      0    889      0      0      0   0.00   0.00      0   0.00 18317.3  0.000 113426.7  0.000      0      0      0      0      0      3.000   13.600  0.000
03/20/1990   4070      0   1027   1221      0   1927      1   1764      0    656      0      0      0   0.00   0.00      0   0.00 18302.4  0.000 113363.6  0.000      0      0      0      0      0      3.000    4.600  0.039
03/21/1990   4151      0   1062   1245      0   2171      1   1694      0    552      0      0      0   0.00   0.00      0   0.00 18315.1  0.000 113435.9  0.000      0      0      0      0      0      3.000    7.200  0.000
03/22/1990   3382      0   1121   1014      0   2428      1   1618      0    556      0      0      0   0.00   0.00      0   0.00 18325.3  0.000 113469.3  0.000      0      0      0      0      0      3.000   13.000  0.000
03/23/1990   2926      0   1186    877      0   2673      1   1378      0    733      0      0      0   0.00   0.00      0   0.00 18334.1  0.000 113498.0  0.000      0      0      0      0      0      3.000   16.900  0.000
03/24/1990   2927      0   1281    878      0   2921      1   1168      0    753      0      0      0   0.00   0.00      0   0.00 18343.0  0.000 113526.7  0.000      0      0      0      0      0      3.000   11.700  0.000
03/25/1990   2995      0   1341    898      0   3182      1   1100      0    594      0      0      0   0.00   0.00      0   0.00 18333.2  0.000 113472.9  0.000      0      0      0      0      0      3.000    6.900  0.000
03/26/1990   3088      0   1422    926      1   3344      0   1118      0    473      0      0      0   0.00   0.00      0   0.00 18342.5  0.000 113503.2  0.000      0      0      0      0      0      3.000   10.300  0.000
03/27/1990   3157      0   1540    947      1   3453      0   1032      0    441      0      0      0   0.00   0.00      0   0.00 18352.0  0.000 113534.2  0.000      0      0      0      0      0      3.000    9.200  0.000
03/28/1990   2866      0   1556    859      1   3487      0   1038      0    480      0      0      0   0.00   0.00      0   0.00 18360.6  0.000 113562.1  0.000      0      0      0      0      0      3.000    9.400  0.000
03/29/1990   2908      0   1544    872      1   3596      0   1039      0    431      0      0      0   0.00   0.00      0   0.00 18351.6  0.000 113509.2  0.000      0      0      0      0      0      3.000    7.900  2.650
03/30/1990   3045      0   1625    913      1   3720      0    917      0    418      0      0      0   0.00   0.00      0   0.00 18342.2  0.000 113476.2  0.000      0      0      0      0      0      3.000    9.300  0.000
03/31/1990   3268      0   1801    980      1   3770      0    785      0    448      0      0      0   0.00   0.00      0   0.00 18333.5  0.000 113441.5  0.000      0      0      0      0      0      3.000   12.400  0.799
04/01/1990   3470      0   2056   1041      1   3668      0    717      0    584      0      0      0   0.00   0.00      0   0.00 18344.2  0.000 113475.8  0.000      0      0      0      0      0      3.000   17.800  0.000
04/02/1990   3798      0   2331   1139      1   3458      0    741      0    694      0      0      0   0.00   0.00      0   0.00 18334.4  0.000 113437.1  0.000      0      0      0      0      0      3.000   17.900  0.402
04/03/1990   4139      0   2625   1241      1   3285      0    760      0    685      0      0      0   0.00   0.00      0   0.00 18347.2  0.000 113478.1  0.000      0      0      0      0      0      3.000   10.900  0.000
04/04/1990   4267      0   2932   1280      1   3091      0    860      0    599      0      0      0   0.00   0.00      0   0.00 18360.3  0.000 113520.3  0.000      0      0      0      0      0      3.000    9.800  0.000
04/05/1990   4536      0   3196   1340      1   2896      0    955      0    559      0      0      0   0.00   0.00      0   0.00 18373.9  0.000 113564.3  0.000      0      0      0      0      0      3.000   14.300  0.000
04/06/1990   4913      0   3469   1444      1   2638      0   1014      0    615      0      0      0   0.00   0.00      0   0.00 18362.2  0.000 113517.6  0.000      0      0      0      0      0      3.000   16.100  0.382
04/07/1990   5258      0   3753   1505      1   2435      0   1041      0    582      0      0      0   0.00   0.00      0   0.00 18349.7  0.000 113445.5  0.000      0      0      0      0      0      3.000    7.600  0.272
04/08/1990   5529      0   4024   1505      1   2351      0   1066      0    506      0      0      0   0.00   0.00      0   0.00 18365.0  0.000 113532.6  0.000      0      0      0      0      0      3.000    7.300  0.000
04/09/1990   5590      1   4297   1292      0   2333      0   1045      0    463      0      0      0   0.00   0.00      0   0.00 18377.9  0.000 113574.1  0.000      0      0      0      0      0      3.000   10.800  0.000
04/10/1990   5437      1   4347   1089      0   2473      0    929      0    579      0      0      0   0.00   0.00      0   0.00 18388.6  0.000 113608.3  0.000      0      0      0      0      0      3.000   17.500  0.000
04/11/1990   5554      1   4417   1136      0   2484      0    887      0    641      0      0      0   0.00   0.00      0   0.00 18399.7  0.000 113644.0  0.000      0      0      0      0      0      3.000   14.600  0.000
04/12/1990   5831      1   4602   1228      0   2376      0    909      0    581      0      0      0   0.00   0.00      0   0.00 18411.6  0.000 113712.4  0.000      0      0      0      0      0      3.000    8.400  0.000
04/13/1990   6010      1   4784   1225      0   2299      0    949      0    490      0      0      0   0.00   0.00      0   0.00 18423.3  0.000 113750.6  0.000      0      0      0      0      0      3.000   10.000  0.000
04/14/1990   6174      1   4842   1331      0   2346      0    913      0    496      0      0      0   0.00   0.00      0   0.00 18436.1  0.000 113792.3  0.000      0      0      0      0      0      3.000   13.200  0.059
04/15/1990   6292      1   4876   1415      0   2364      0    908      0    619      0      0      0   0.00   0.00      0   0.00 18421.6  0.000 113736.4  0.000      0      0      0      0      0      3.000   16.200  0.209
