Varroa Population Simulation - May 03,2018  07:39:27 PM
VarroaPop Version 3.2.8.12 March 2018

                                        Capped  Capped                                                                      Prop           Conc          Conc                                             
            Colony  Adult  Adult         Drone   Wkr    Drone  Wkr    Drone  Wkr  Free   DBrood WBrood DMite  WMite  Mites  Mites  Colony Pollen Colony Nectar   Dead   Dead   Dead   Dead   Dead    Queen      Ave
     Date   Size   Drones   Wkr   Forgrs Brood  Brood   Larv   Larv    Eggs  Eggs Mites  Mites  Mites  /Cell  /Cell  Dying  Dying  Pollen  Pest  Nectar  Pest    DLarv  WLarv  DAdlt  WAdlt  Forgrs  Strength   Temp   Rain
Initial      7500      0   4242   2250      0  11500      0   7000      0   6000      0      0      0   0.00   0.00      0   0.00    0.0  0.000    0.0  0.000      0      0      0      0      0      3.000    0.000  0.000
05/12/1989   8182      0   4924   2454      0  12016      0   7600      3   4408      0      0      0   0.00   0.00      0   0.00 10000.0  0.000 30000.0  0.000      0      0      0      0      0      3.000   13.100  0.000
05/13/1989   8864      0   5606   2659      0  12532      0   8200      7   2872      0      0      0   0.00   0.00      0   0.00 10318.1  0.000 30963.0  0.000      0      0      0      0      0      3.000   15.500  0.000
05/14/1989   9546      0   6288   2863      0  13048      0   8800     11   1381      0      0      0   0.00   0.00      0   0.00 10658.9  0.000 32001.0  0.000      0      0      0      0      0      3.000   17.600  0.000
05/15/1989  10430      0   6970   3129      0  13564      3   7808     12   1488      0      0      0   0.00   0.00      0   0.00 10625.6  0.000 31920.0  0.000      0      0      0      0      0      3.000   17.900  0.228
05/16/1989  11112      0   7652   3333      0  14080      7   6872     13   1529      0      0      0   0.00   0.00      0   0.00 11030.0  0.000 33131.2  0.000      0      0      0      0      0      3.000   16.700  0.000
05/17/1989  11794      0   8334   3460      0  15196     11   5381     14   1553      0      0      0   0.00   0.00      0   0.00 11434.8  0.000 33465.4  0.000      0      0      0      0      0      3.000   18.000  0.000
05/18/1989  12476      0   9016   3460      0  16312     15   3896     15   1625      0      0      0   0.00   0.00      0   0.00 11839.1  0.000 33837.8  0.000      0      0      0      0      0      3.000   20.700  0.000
05/19/1989  13158      0   9698   3460      0  17428     20   2401     15   1701      0      0      0   0.00   0.00      0   0.00 12245.6  0.000 34356.9  0.000      0      0      0      0      0      3.000   20.400  0.000
05/20/1989  13840      0  10380   3460      0  16952     25   2526     15   1766      0      0      0   0.00   0.00      0   0.00 12648.3  0.000 34825.4  0.000      0      0      0      0      0      3.000   21.300  0.020
05/21/1989  14522      0  11062   3460      0  16532     30   2649     15   1793      0      0      0   0.00   0.00      0   0.00 13047.5  0.000 35246.7  0.000      0      0      0      0      0      3.000   22.200  0.000
05/22/1989  15204      0  11744   3460      3  16157     32   2721     15   1838      0      0      0   0.00   0.00      0   0.00 13445.5  0.000 35571.9  0.000      0      0      0      0      0      3.000   22.900  0.020
05/23/1989  16088      0  12426   3662      7  15788     33   2804     15   1851      0      0      0   0.00   0.00      0   0.00 13386.4  0.000 33963.6  0.000      0      0      0      0      0      3.000   22.000  0.201
05/24/1989  16778      0  13116   3662     11  15401     34   2913     16   1837      0      0      0   0.00   0.00      0   0.00 13808.1  0.000 34168.3  0.000      0      0      0      0      0      3.000   20.500  0.000
05/25/1989  17976      0  14314   3662     15  14534     35   3006     17   1875      0      0      0   0.00   0.00      0   0.00 14225.8  0.000 34240.2  0.000      0      0      0      0      0      3.000   24.100  0.000
05/26/1989  19174      0  15512   3662     20  13721     35   3030     19   1965      0      0      0   0.00   0.00      0   0.00 14639.8  0.000 34185.6  0.000      0      0      0      0      0      3.000   26.600  0.000
05/27/1989  20372      0  16710   3662     25  12902     36   3049     20   2047      0      0      0   0.00   0.00      0   0.00 15049.9  0.000 34001.5  0.000      0      0      0      0      0      3.000   25.300  0.000
05/28/1989  21570      0  17908   3662     30  12100     37   3115     19   1952      0      0      0   0.00   0.00      0   0.00 15456.3  0.000 33688.4  0.000      0      0      0      0      0      3.000   18.900  0.000
05/29/1989  22742      0  19106   3636     35  11314     39   3202     17   1830      0      0      0   0.00   0.00      0   0.00 15855.5  0.000 33238.0  0.000      0      0      0      0      0      3.000   19.400  0.000
05/30/1989  24540      0  20904   3636     40   9940     41   3258     16   1787      0      0      0   0.00   0.00      0   0.00 16248.0  0.000 32627.1  0.000      0      0      0      0      0      3.000   22.700  0.000
05/31/1989  26338      0  22702   3636     45   8551     41   3216     18   1895      0      0      0   0.00   0.00      0   0.00 16633.7  0.000 31852.0  0.000      0      0      0      0      0      3.000   25.100  0.000
06/01/1989  27934      0  24500   3434     50   7151     41   3195     20   2031      0      0      0   0.00   0.00      0   0.00 16987.3  0.000 30923.0  0.000      0      0      0      0      0      3.000   27.800  0.000
06/02/1989  28140      0  24024   4116     55   7407     42   3170     20   2072      0      0      0   0.00   0.00      0   0.00 17431.7  0.000 30280.1  0.000      0      0      0      0      0      3.000   26.700  0.142
06/03/1989  28402      0  23604   4798     61   7644     43   3146     22   2124      0      0      0   0.00   0.00      0   0.00 17967.3  0.000 29930.9  0.000      0      0      0      0      0      3.000   25.700  0.000
06/04/1989  28911      0  23229   5682     67   7817     44   3179     26   2199      0      0      0   0.00   0.00      0   0.00 17873.5  0.000 26942.6  0.000      0      0      0      0      0      3.000   26.100  0.921
06/05/1989  29429      3  22860   6566     71   7871     43   3290     34   2330      0      0      0   0.00   0.00      0   0.00 17781.7  0.000 23806.7  0.000      0      0      0      0      0      3.000   23.900  1.319
06/06/1989  29938      7  22481   7450     74   7945     45   3440     42   2428      0      0      0   0.00   0.00      0   0.00 17691.7  0.000 20518.2  0.000      0      0      0      0      0      3.000   22.300  0.409
06/07/1989  30273     11  22130   8132     75   8051     51   3591     49   2492      0      0      0   0.00   0.00      0   0.00 18674.4  0.000 21358.8  0.000      0      0      0      0      0      3.000   21.600  0.000
06/08/1989  30662     15  21833   8814     76   8141     60   3725     56   2594      0      0      0   0.00   0.00      0   0.00 18745.6  0.000 22432.2  0.000      0      0      0      0      0      3.000   22.800  0.098
06/09/1989  31248     20  21530   9374     77   8275     71   3837     62   2743      0      0      0   0.00   0.00      0   0.00 18663.3  0.000 18700.3  0.000      0      0      0      0      0      3.000   24.200  0.402
06/10/1989  31649     25  21244   9494     79   8357     82   4011     71   2909      0      0      0   0.00   0.00      0   0.00 18741.5  0.000 19754.5  0.000      0      0      0      0      0      3.000   24.600  0.000
06/11/1989  32066     30  20974   9619     81   8472     96   4195     76   2973      0      0      0   0.00   0.00      0   0.00 18816.5  0.000 20694.2  0.000      0      0      0      0      0      3.000   21.900  0.000
06/12/1989  32293     35  20716   9687     82   8636    113   4381     81   3010      0      0      0   0.00   0.00      0   0.00 18887.4  0.000 21649.1  0.000      0      0      0      0      0      3.000   22.400  0.110
06/13/1989  32707     40  20443   9812     86   8836    131   4590     86   3089      0      0      0   0.00   0.00      0   0.00 18955.0  0.000 22618.2  0.000      0      0      0      0      0      3.000   25.100  0.012
06/14/1989  33110     45  20151   9933     92   9063    146   4740     94   3276      0      0      0   0.00   0.00      0   0.00 19019.2  0.000 23664.0  0.000      0      0      0      0      0      3.000   26.900  0.000
06/15/1989  33779     50  19415  10133    101   9253    160   4899    102   3435      0      0      0   0.00   0.00      0   0.00 18939.1  0.000 19420.6  0.000      0      0      0      0      0      3.000   26.300  0.358
06/16/1989  34485     55  18716  10345    113   9465    175   5085    105   3436      0      0      0   0.00   0.00      0   0.00 18856.8  0.000 15081.8  0.000      0      0      0      0      0      3.000   22.200  0.618
06/17/1989  35173     61  17998  10551    125   9759    191   5273    109   3393      0      0      0   0.00   0.00      0   0.00 18772.7  0.000 10652.8  0.000      0      0      0      0      0      3.000   21.800  0.280
06/18/1989  35546     67  17167  10663    140  10210    206   5425    116   3445      0      0      0   0.00   0.00      0   0.00 18853.7  0.000 11747.8  0.000      0      0      0      0      0      3.000   24.100  0.000
06/19/1989  35930     74  16346  10779    156  10608    218   5548    127   3626      0      0      0   0.00   0.00      0   0.00 18930.2  0.000 12922.6  0.000      0      0      0      0      0      3.000   25.200  0.000
06/20/1989  36576     81  14985  10972    176  10982    229   5656    135   3740      0      0      0   0.00   0.00      0   0.00 18843.9  0.000 8357.2  0.000      0      0      0      0      0      3.000   22.900  0.319
06/21/1989  37258     86  13662  11177    197  11404    246   5781    142   3788      0      0      0   0.00   0.00      0   0.00 18756.0  0.000 3690.5  0.000      0      0      0      0      0      3.000   22.900  0.752
06/22/1989  37776     91  12377  11332    220  11853    264   5898    151   3875      0      0      0   0.00   0.00      0   0.00 18843.1  0.000 4662.0  0.000      0      0      0      0      0      3.000   24.800  0.000
06/23/1989  38462     97  12649  11538    246  12345    278   5961    163   4029      0      0      0   0.00   0.00      0   0.00 18750.2  0.000    0.0  0.000      0      0      0      0      0      3.000   24.600  0.559
06/24/1989  38996    104  12914  11698    273  12716    294   6133    171   4139      0      0      0   0.00   0.00      0   0.00 18840.5  0.000 1016.9  0.000      0      0      0      0      0      3.000   24.200  0.161
06/25/1989  39591    111  13195  11877    302  13047    313   6380    175   4171      0      0      0   0.00   0.00      0   0.00 18925.6  0.000 2036.6  0.000      0      0      0      0      0      3.000   24.600  0.000
06/26/1989  40203    114  13491  12060    331  13460    336   6545    179   4251      0      0      0   0.00   0.00      0   0.00 19005.6  0.000 3066.0  0.000      0      0      0      0      0      3.000   26.700  0.000
06/27/1989  40833    119  13813  12249    360  13914    356   6646    185   4372      0      0      0   0.00   0.00      0   0.00 19080.9  0.000 4122.1  0.000      0      0      0      0      0      3.000   27.800  0.000
06/28/1989  41694    126  14134  12508    392  14295    372   6811    188   4415      0      0      0   0.00   0.00      0   0.00 18978.7  0.000    0.0  0.000      0      0      0      0      0      3.000   25.500  0.831
06/29/1989  41733    136  14460  12519    424  14654    388   7008    187   4361      0      0      0   0.00   0.00      0   0.00 19057.6  0.000 1100.0  0.000      0      0      0      0      0      3.000   24.400  0.012
06/30/1989  39185    148  14855  11755    453  15046    406   7143    179   4184      0      0      0   0.00   0.00      0   0.00 19125.8  0.000 2180.8  0.000      0      0      0      0      0      3.000   22.000  0.000
07/01/1989  39334    161  15277  11800    485  15415    418   7197    168   4015      0      0      0   0.00   0.00      0   0.00 19189.2  0.000 3291.1  0.000      0      0      0      0      0      3.000   21.700  0.000
07/02/1989  38559    177  15640  11567    519  15820    424   7230    160   3909      0      0      0   0.00   0.00      0   0.00 19246.8  0.000 4402.8  0.000      0      0      0      0      0      3.000   22.800  0.000
07/03/1989  38706    195  16027  11611    554  16207    422   7156    157   3914      0      0      0   0.00   0.00      0   0.00 19300.5  0.000 5530.1  0.000      0      0      0      0      0      3.000   24.000  0.000
07/04/1989  38943    217  16515  11682    585  16577    415   6961    160   4013      0      0      0   0.00   0.00      0   0.00 19350.6  0.000 6687.1  0.000      0      0      0      0      0      3.000   25.500  0.031
07/05/1989  40128    238  17079  12038    618  16916    409   6767    159   4035      0      0      0   0.00   0.00      0   0.00 19242.9  0.000 1614.7  0.000      0      0      0      0      0      3.000   24.300  0.209
07/06/1989  41323    261  17587  12396    652  17187    400   6655    160   4070      0      0      0   0.00   0.00      0   0.00 19132.3  0.000    0.0  0.000      0      0      0      0      0      3.000   25.100  0.461
07/07/1989  42450    288  17986  12735    684  17502    390   6613    161   4075      0      0      0   0.00   0.00      0   0.00 19019.4  0.000    0.0  0.000      0      0      0      0      0      3.000   25.100  0.260
07/08/1989  42715    316  18425  12814    712  17707    380   6618    166   4172      0      0      0   0.00   0.00      0   0.00 19096.5  0.000 1347.9  0.000      0      0      0      0      0      3.000   26.400  0.000
07/09/1989  43085    346  19080  12925    737  17757    373   6710    169   4225      0      0      0   0.00   0.00      0   0.00 19168.1  0.000 2721.2  0.000      0      0      0      0      0      3.000   26.200  0.000
07/10/1989  39302    374  19782  11790    758  17785    372   6779    172   4309      0      0      0   0.00   0.00      0   0.00 19228.1  0.000 4055.9  0.000      0      0      0      0      0      3.000   28.000  0.000
07/11/1989  39168    405  20378  11750    771  17881    378   6876    166   4283      0      0      0   0.00   0.00      0   0.00 19283.5  0.000 5404.4  0.000      0      0      0      0      0      3.000   29.200  0.000
07/12/1989  35078    443  20973  10523    781  17982    382   6922    156   4193      0      0      0   0.00   0.00      0   0.00 19329.4  0.000 6711.8  0.000      0      0      0      0      0      3.000   26.800  0.000
07/13/1989  36487    484  21626  10946    788  17945    387   7053    133   3872      0      0      0   0.00   0.00      0   0.00 19220.8  0.000 2332.6  0.000      0      0      0      0      0      3.000   24.100  1.299
07/14/1989  35508    524  22335  10652    796  17922    384   7089    119   3636      0      0      0   0.00   0.00      0   0.00 19271.3  0.000 3684.2  0.000      0      0      0      0      0      3.000   24.300  0.000
07/15/1989  36933    567  22988  11079    798  17918    379   7040    106   3442      0      0      0   0.00   0.00      0   0.00 19160.3  0.000    0.0  0.000      0      0      0      0      0      3.000   25.000  0.480
07/16/1989  38381    615  23598  11514    797  17946    360   6753    105   3403      0      0      0   0.00   0.00      0   0.00 19046.3  0.000    0.0  0.000      0      0      0      0      0      3.000   23.000  0.630
07/17/1989  39902    667  24256  11970    794  17896    342   6500    101   3296      0      0      0   0.00   0.00      0   0.00 18928.6  0.000    0.0  0.000      0      0      0      0      0      3.000   20.900  0.299
07/18/1989  40990    716  24932  12297    793  17855    319   6173    103   3300      0      0      0   0.00   0.00      0   0.00 19008.9  0.000 1550.0  0.000      0      0      0      0      0      3.000   22.800  0.000
07/19/1989  41972    764  25521  12591    791  17814    296   5873    108   3398      0      0      0   0.00   0.00      0   0.00 19085.0  0.000 3158.6  0.000      0      0      0      0      0      3.000   24.600  0.079
07/20/1989  42920    812  26023  12876    787  17728    271   5603    114   3528      0      0      0   0.00   0.00      0   0.00 19157.0  0.000 4823.0  0.000      0      0      0      0      0      3.000   23.900  0.039
07/21/1989  43255    859  26373  12976    774  17543    256   5601    117   3601      0      0      0   0.00   0.00      0   0.00 19223.8  0.000 6502.4  0.000      0      0      0      0      0      3.000   24.400  0.000
07/22/1989  43986    903  26627  13195    759  17435    248   5635    117   3624      0      0      0   0.00   0.00      0   0.00 19286.4  0.000 8190.3  0.000      0      0      0      0      0      3.000   24.800  0.000
07/23/1989  44754    943  26959  13426    733  17261    252   5689    120   3705      0      0      0   0.00   0.00      0   0.00 19345.0  0.000 9893.6  0.000      0      0      0      0      0      3.000   26.200  0.000
07/24/1989  46118    976  27277  13835    714  17032    254   5799    125   3805      0      0      0   0.00   0.00      0   0.00 19217.6  0.000 4389.4  0.000      0      0      0      0      0      3.000   27.500  0.350
07/25/1989  46917   1000  27551  14075    697  16718    259   5963    131   3885      0      0      0   0.00   0.00      0   0.00 19285.1  0.000 6127.3  0.000      0      0      0      0      0      3.000   26.200  0.000
07/26/1989  47661   1027  27718  14298    678  16526    267   6094    134   3941      0      0      0   0.00   0.00      0   0.00 19347.7  0.000 7862.8  0.000      0      0      0      0      0      3.000   26.600  0.150
07/27/1989  49052   1052  27912  14715    658  16360    278   6206    134   3898      0      0      0   0.00   0.00      0   0.00 19215.4  0.000 1903.9  0.000      0      0      0      0      0      3.000   24.200  0.421
07/28/1989  49826   1074  28190  14947    640  16171    287   6320    137   3946      0      0      0   0.00   0.00      0   0.00 19287.4  0.000 3640.2  0.000      0      0      0      0      0      3.000   26.200  0.000
07/29/1989  48696   1092  28497  14608    627  15955    293   6434    138   3916      0      0      0   0.00   0.00      0   0.00 19351.2  0.000 5364.5  0.000      0      0      0      0      0      3.000   24.000  0.000
07/30/1989  49451   1110  28692  14835    612  15759    298   6480    138   3924      0      0      0   0.00   0.00      0   0.00 19410.3  0.000 7100.0  0.000      0      0      0      0      0      3.000   24.300  0.000
07/31/1989  50933   1130  28873  15279    596  15567    307   6561    136   3904      0      0      0   0.00   0.00      0   0.00 19274.4  0.000  866.1  0.000      0      0      0      0      0      3.000   25.800  0.752
08/01/1989  51785   1149  29040  15535    578  15477    314   6545    136   3917      0      0      0   0.00   0.00      0   0.00 19343.6  0.000 2650.4  0.000      0      0      0      0      0      3.000   24.200  0.012
08/02/1989  53128   1163  29097  15938    563  15451    316   6519    138   3936      0      0      0   0.00   0.00      0   0.00 19203.8  0.000    0.0  0.000      0      0      0      0      0      3.000   23.400  0.358
08/03/1989  53702   1175  28870  16110    549  15636    318   6524    141   3956      0      0      0   0.00   0.00      0   0.00 19282.7  0.000 1819.2  0.000      0      0      0      0      0      3.000   24.400  0.000
08/04/1989  54234   1180  28647  16270    543  15739    319   6564    148   4093      0      0      0   0.00   0.00      0   0.00 19354.5  0.000 3622.4  0.000      0      0      0      0      0      3.000   27.200  0.000
08/05/1989  53974   1177  28400  16192    541  15955    320   6509    156   4253      0      0      0   0.00   0.00      0   0.00 19418.8  0.000 5415.8  0.000      0      0      0      0      0      3.000   27.100  0.000
08/06/1989  52046   1157  28102  15613    550  16149    325   6564    162   4392      0      0      0   0.00   0.00      0   0.00 19474.6  0.000 7165.6  0.000      0      0      0      0      0      3.000   28.400  0.000
08/07/1989  53084   1136  27692  15925    561  16367    330   6733    159   4356      0      0      0   0.00   0.00      0   0.00 19338.8  0.000  579.7  0.000      0      0      0      0      0      3.000   26.400  0.319
08/08/1989  53372   1112  27328  16011    573  16559    338   6858    150   4135      0      0      0   0.00   0.00      0   0.00 19404.0  0.000 2300.3  0.000      0      0      0      0      0      3.000   20.500  0.000
08/09/1989  53693   1087  27085  16107    583  16668    349   7039    140   3893      0      0      0   0.00   0.00      0   0.00 19463.2  0.000 4004.4  0.000      0      0      0      0      0      3.000   20.600  0.031
08/10/1989  54853   1058  26859  16455    596  16775    353   7153    129   3565      0      0      0   0.00   0.00      0   0.00 19289.4  0.000 3732.4  0.000      0      0      0      0      0      3.000   16.600  0.669
08/11/1989  55124   1030  26745  16537    606  16914    352   7037    127   3494      0      0      0   0.00   0.00      0   0.00 19361.9  0.000 5386.1  0.000      0      0      0      0      0      3.000   18.000  0.000
08/12/1989  55348   1007  26694  16604    613  17137    351   6839    129   3515      0      0      0   0.00   0.00      0   0.00 19427.3  0.000 7039.3  0.000      0      0      0      0      0      3.000   20.300  0.000
08/13/1989  55576    985  26655  16672    623  17323    341   6465    141   3826      0      0      0   0.00   0.00      0   0.00 19486.2  0.000 8712.8  0.000      0      0      0      0      0      3.000   23.400  0.000
08/14/1989  54881    968  26636  16464    637  17501    331   6139    148   4019      0      0      0   0.00   0.00      0   0.00 19538.3  0.000 10413.7  0.000      0      0      0      0      0      3.000   22.300  0.161
08/15/1989  55073    956  26566  16521    652  17608    324   5998    152   4145      0      0      0   0.00   0.00      0   0.00 19585.4  0.000 12147.5  0.000      0      0      0      0      0      3.000   23.600  0.000
08/16/1989  54052    945  26561  16215    665  17517    320   6156    152   4185      0      0      0   0.00   0.00      0   0.00 19626.8  0.000 13895.3  0.000      0      0      0      0      0      3.000   24.600  0.130
08/17/1989  55312    936  26464  16593    671  17496    320   6265    152   4233      0      0      0   0.00   0.00      0   0.00 19488.5  0.000 7021.4  0.000      0      0      0      0      0      3.000   24.200  2.512
08/18/1989  55554    927  26437  16666    671  17227    326   6578    151   4220      0      0      0   0.00   0.00      0   0.00 19541.1  0.000 8838.9  0.000      0      0      0      0      0      3.000   23.000  0.189
08/19/1989  55722    920  26305  16716    671  17095    332   6847    149   4159      0      0      0   0.00   0.00      0   0.00 19588.3  0.000 10646.6  0.000      0      0      0      0      0      3.000   22.600  0.000
08/20/1989  54484    910  26163  16345    666  17087    343   6983    151   4217      0      0      0   0.00   0.00      0   0.00 19629.8  0.000 12433.0  0.000      0      0      0      0      0      3.000   25.100  0.000
08/21/1989  53301    903  26032  15990    661  17149    350   6972    152   4314      0      0      0   0.00   0.00      0   0.00 19666.2  0.000 14202.7  0.000      0      0      0      0      0      3.000   26.100  0.000
08/22/1989  53231    892  25939  15969    662  17197    352   6987    154   4429      0      0      0   0.00   0.00      0   0.00 19698.9  0.000 15962.1  0.000      0      0      0      0      0      3.000   26.900  0.000
08/23/1989  53125    879  25906  15937    669  17296    353   7055    153   4484      0      0      0   0.00   0.00      0   0.00 19728.4  0.000 17693.4  0.000      0      0      0      0      0      3.000   28.000  0.051
08/24/1989  54464    867  26116  16339    673  17378    354   7101    151   4469      0      0      0   0.00   0.00      0   0.00 19587.2  0.000 10914.3  0.000      0      0      0      0      0      3.000   26.100  0.630
08/25/1989  54523    862  26396  16356    678  17337    354   7183    147   4386      0      0      0   0.00   0.00      0   0.00 19628.7  0.000 12692.0  0.000      0      0      0      0      0      3.000   23.700  0.012
08/26/1989  53109    861  26717  15932    683  17263    354   7319    141   4219      0      0      0   0.00   0.00      0   0.00 19665.1  0.000 14448.4  0.000      0      0      0      0      0      3.000   22.300  0.000
08/27/1989  53110    875  27105  15933    684  17145    353   7411    134   4081      0      0      0   0.00   0.00      0   0.00 19697.9  0.000 16204.0  0.000      0      0      0      0      0      3.000   22.300  0.000
08/28/1989  51678    891  27456  15503    681  17198    350   7352    132   4094      0      0      0   0.00   0.00      0   0.00 19726.6  0.000 17947.6  0.000      0      0      0      0      0      3.000   25.200  0.012
08/29/1989  51607    911  27552  15482    676  17442    346   7224    129   4125      0      0      0   0.00   0.00      0   0.00 19752.6  0.000 19689.9  0.000      0      0      0      0      0      3.000   25.400  0.000
08/30/1989  51602    932  27600  15480    673  17681    336   7063    129   4204      0      0      0   0.00   0.00      0   0.00 19776.1  0.000 21426.3  0.000      0      0      0      0      0      3.000   26.700  0.000
08/31/1989  51392    949  27493  15417    674  18117    330   6962    123   4086      0      0      0   0.00   0.00      0   0.00 19797.3  0.000 23151.1  0.000      0      0      0      0      0      3.000   23.600  0.000
09/01/1989  51234    958  27445  15370    680  18417    321   6880    119   4003      0      0      0   0.00   0.00      0   0.00 19816.4  0.000 24873.5  0.000      0      0      0      0      0      3.000   24.000  0.000
09/02/1989  51136    964  27491  15340    686  18552    312   6881    116   3940      0      0      0   0.00   0.00      0   0.00 19833.7  0.000 26606.6  0.000      0      0      0      0      0      3.000   25.900  0.000
09/03/1989  49832    964  27614  14949    696  18510    302   6829    111   3851      0      0      0   0.00   0.00      0   0.00 19849.0  0.000 28326.8  0.000      0      0      0      0      0      3.000   22.100  0.000
09/04/1989  49815    968  27659  14944    700  18479    293   6802    104   3684      0      0      0   0.00   0.00      0   0.00 19862.8  0.000 30029.9  0.000      0      0      0      0      0      3.000   20.800  0.000
09/05/1989  49790    976  27751  14937    698  18501    287   6727     94   3441      0      0      0   0.00   0.00      0   0.00 19875.4  0.000 31734.4  0.000      0      0      0      0      0      3.000   20.200  0.039
09/06/1989  49813    985  27858  14943    689  18450    279   6555     91   3408      0      0      0   0.00   0.00      0   0.00 19886.8  0.000 33428.9  0.000      0      0      0      0      0      3.000   22.900  0.000
09/07/1989  49762    991  27994  14928    684  18450    265   6282     90   3414      0      0      0   0.00   0.00      0   0.00 19897.2  0.000 35147.7  0.000      0      0      0      0      0      3.000   22.100  0.000
09/08/1989  49748    997  28025  14924    675  18367    252   6082     90   3464      0      0      0   0.00   0.00      0   0.00 19906.6  0.000 36869.5  0.000      0      0      0      0      0      3.000   22.900  0.000
09/09/1989  48656   1003  28101  14596    666  18294    241   5960     89   3469      0      0      0   0.00   0.00      0   0.00 19915.0  0.000 38582.1  0.000      0      0      0      0      0      3.000   24.500  0.000
09/10/1989  48959   1009  28287  14687    655  18173    232   5756     88   3518      0      0      0   0.00   0.00      0   0.00 19922.7  0.000 40358.3  0.000      0      0      0      0      0      3.000   26.000  0.000
09/11/1989  49305   1011  28435  14791    643  17904    223   5695     88   3559      0      0      0   0.00   0.00      0   0.00 19929.7  0.000 42174.6  0.000      0      0      0      0      0      3.000   26.600  0.000
09/12/1989  49693   1014  28613  14907    633  17549    214   5745     86   3512      0      0      0   0.00   0.00      0   0.00 19936.1  0.000 44013.8  0.000      0      0      0      0      0      3.000   24.700  0.020
09/13/1989  50160   1022  28835  15048    615  17130    209   5833     84   3446      0      0      0   0.00   0.00      0   0.00 19942.0  0.000 45871.5  0.000      0      0      0      0      0      3.000   24.500  0.000
09/14/1989  50490   1027  28948  15147    595  16843    207   5846     81   3361      0      0      0   0.00   0.00      0   0.00 19947.4  0.000 47760.6  0.000      0      0      0      0      0      3.000   24.200  0.031
09/15/1989  51899   1032  28906  15569    573  16577    206   5843     79   3336      0      0      0   0.00   0.00      0   0.00 19808.8  0.000 41529.3  0.000      0      0      0      0      0      3.000   24.800  0.272
09/16/1989  52055   1037  28801  15616    553  16375    202   5815     78   3325      0      0      0   0.00   0.00      0   0.00 19827.2  0.000 43437.4  0.000      0      0      0      0      0      3.000   24.400  0.098
09/17/1989  52192   1037  28637  15657    534  16231    198   5738     76   3272      0      0      0   0.00   0.00      0   0.00 19843.8  0.000 45330.1  0.000      0      0      0      0      0      3.000   22.600  0.000
09/18/1989  52391   1031  28644  15717    516  16001    195   5661     72   3119      0      0      0   0.00   0.00      0   0.00 19858.9  0.000 47207.8  0.000      0      0      0      0      0      3.000   19.800  0.000
09/19/1989  52541   1022  28791  15762    501  15809    191   5581     67   2918      0      0      0   0.00   0.00      0   0.00 19872.5  0.000 49099.5  0.000      0      0      0      0      0      3.000   18.600  0.051
09/20/1989  53933   1009  28948  16179    488  15539    186   5498     65   2860      0      0      0   0.00   0.00      0   0.00 19730.7  0.000 42529.1  0.000      0      0      0      0      0      3.000   21.700  1.059
09/21/1989  53957   1004  29165  16187    472  15361    179   5334     68   3004      0      0      0   0.00   0.00      0   0.00 19757.5  0.000 44421.4  0.000      0      0      0      0      0      3.000   25.700  0.161
09/22/1989  55253   1001  29300  16575    458  15167    172   5138     71   3179      0      0      0   0.00   0.00      0   0.00 19615.1  0.000 37666.7  0.000      0      0      0      0      0      3.000   25.700  0.449
09/23/1989  55280    998  29373  16584    443  14935    167   5022     71   3161      0      0      0   0.00   0.00      0   0.00 19654.4  0.000 39588.8  0.000      0      0      0      0      0      3.000   21.500  0.079
09/24/1989  55187    998  29190  16556    430  14835    166   5013     61   2741      0      0      0   0.00   0.00      0   0.00 19689.5  0.000 45719.1  0.000      0      0      0      0      0      3.000   13.300  0.000
09/25/1989  56314    993  28965  16894    418  14755    164   5045     52   2346      0      0      0   0.00   0.00      0   0.00 19529.4  0.000 45441.8  0.000      0      0      0      0      0      3.000   13.700  1.079
09/26/1989  56079    985  28669  16823    405  14613    160   5064     49   2249      0      0      0   0.00   0.00      0   0.00 19578.2  0.000 47349.5  0.000      0      0      0      0      0      3.000   19.100  0.031
09/27/1989  55970    968  28413  16791    395  14345    151   4836     49   2293      0      0      0   0.00   0.00      0   0.00 19621.6  0.000 53567.7  0.000      0      0      0      0      0      3.000   14.900  0.000
09/28/1989  55738    949  28146  16721    386  14201    144   4531     49   2309      0      0      0   0.00   0.00      0   0.00 19660.4  0.000 59759.8  0.000      0      0      0      0      0      3.000   14.600  0.000
09/29/1989  55569    927  27913  16670    378  14153    142   4309     47   2265      0      0      0   0.00   0.00      0   0.00 19695.3  0.000 61585.2  0.000      0      0      0      0      0      3.000   18.800  0.000
09/30/1989  56731    907  27723  17019    369  14055    135   3950     48   2323      0      0      0   0.00   0.00      0   0.00 19529.7  0.000 61306.4  0.000      0      0      0      0      0      3.000   17.500  0.591
10/01/1989  57898    887  27447  17369    364  13844    125   3679     49   2426      0      0      0   0.00   0.00      0   0.00 19391.9  0.000 54144.3  0.000      0      0      0      0      0      3.000   18.300  1.598
10/02/1989  57790    866  27158  17337    359  13335    118   3833     51   2522      0      0      0   0.00   0.00      0   0.00 19457.1  0.000 56049.3  0.000      0      0      0      0      0      3.000   22.800  0.169
10/03/1989  57575    847  26806  17272    351  12889    112   3927     52   2643      0      0      0   0.00   0.00      0   0.00 19515.1  0.000 57925.8  0.000      0      0      0      0      0      3.000   22.200  0.000
10/04/1989  57364    824  26409  17209    337  12647    113   3856     49   2543      0      0      0   0.00   0.00      0   0.00 19566.1  0.000 64300.2  0.000      0      0      0      0      0      3.000   15.900  0.000
10/05/1989  57151    802  26050  17145    323  12267    117   4062     41   2241      0      0      0   0.00   0.00      0   0.00 19611.6  0.000 70650.7  0.000      0      0      0      0      0      3.000   13.900  0.000
10/06/1989  55441    779  25756  16632    314  11862    115   4261     39   2160      0      0      0   0.00   0.00      0   0.00 19651.5  0.000 72467.8  0.000      0      0      0      0      0      3.000   20.700  0.000
10/07/1989  55071    755  25515  16521    302  11587    113   4134     39   2190      0      0      0   0.00   0.00      0   0.00 19687.1  0.000 74277.4  0.000      0      0      0      0      0      3.000   18.300  0.000
10/08/1989  54610    732  25241  16383    291  11318    109   3980     37   2099      0      0      0   0.00   0.00      0   0.00 19718.4  0.000 80343.1  0.000      0      0      0      0      0      3.000   12.300  0.000
10/09/1989  54136    711  24781  16240    282  11169    107   3995     29   1706      0      0      0   0.00   0.00      0   0.00 19746.4  0.000 86355.4  0.000      0      0      0      0      0      3.000    9.600  0.000
10/10/1989  52543    692  24308  15762    272  11191    104   3802     23   1449      0      0      0   0.00   0.00      0   0.00 19770.8  0.000 92189.1  0.000      0      0      0      0      0      3.000   11.200  0.000
10/11/1989  51273    674  23897  15381    264  11101     97   3436     23   1489      0      0      0   0.00   0.00      0   0.00 19792.4  0.000 97880.4  0.000      0      0      0      0      0      3.000   14.700  0.000
10/12/1989  51082    651  23699  15324    261  10708     85   3158     26   1685      0      0      0   0.00   0.00      0   0.00 19811.8  0.000 103550.4  0.000      0      0      0      0      0      3.000   17.000  0.000
10/13/1989  49395    630  23484  14818    257  10253     75   3010     29   1870      0      0      0   0.00   0.00      0   0.00 19829.1  0.000 105211.0  0.000      0      0      0      0      0      3.000   19.000  0.000
10/14/1989  48956    610  23118  14686    248  10100     71   2765     29   1944      0      0      0   0.00   0.00      0   0.00 19844.6  0.000 106856.6  0.000      0      0      0      0      0      3.000   19.400  0.000
10/15/1989  48190    596  22589  14457    234  10157     70   2653     28   1977      0      0      0   0.00   0.00      0   0.00 19858.5  0.000 108475.6  0.000      0      0      0      0      0      3.000   20.300  0.000
10/16/1989  47460    582  22146  14238    225  10006     65   2781     27   1991      0      0      0   0.00   0.00      0   0.00 19870.9  0.000 110056.4  0.000      0      0      0      0      0      3.000   22.100  0.000
10/17/1989  44105    565  21926  13231    216   9557     61   3003     27   2007      0      0      0   0.00   0.00      0   0.00 19881.5  0.000 111563.8  0.000      0      0      0      0      0      3.000   22.300  0.020
10/18/1989  44811    546  21474  13443    210   9313     61   3181     25   1939      0      0      0   0.00   0.00      0   0.00 19775.1  0.000 106008.7  0.000      0      0      0      0      0      3.000   20.200  0.941
10/19/1989  45500    530  21041  13650    202   9186     63   3283     21   1690      0      0      0   0.00   0.00      0   0.00 19639.6  0.000 105771.4  0.000      0      0      0      0      0      3.000   13.200  0.709
10/20/1989  46325    520  20727  13897    190   8977     65   3325     15   1328      0      0      0   0.00   0.00      0   0.00 19500.1  0.000 105531.0  0.000      0      0      0      0      0      3.000    8.700  0.000
10/21/1989  45613    504  20328  13683    184   8860     63   3250     11   1043      0      0      0   0.00   0.00      0   0.00 19541.9  0.000 110588.3  0.000      0      0      0      0      0      3.000    8.800  0.000
10/22/1989  44919    489  19949  13475    179   8704     58   3029     10    966      0      0      0   0.00   0.00      0   0.00 19579.6  0.000 115568.0  0.000      0      0      0      0      0      3.000   10.800  0.000
10/23/1989  44320    477  19690  13296    172   8432     51   2676     11   1017      0      0      0   0.00   0.00      0   0.00 19613.7  0.000 115938.7  0.000      0      0      0      0      0      3.000   11.300  0.000
10/24/1989  43746    463  19459  13123    165   8208     45   2302     11   1070      0      0      0   0.00   0.00      0   0.00 19644.7  0.000 116290.2  0.000      0      0      0      0      0      3.000   11.700  0.000
10/25/1989  43037    450  19046  12911    158   8168     40   1988     11   1101      0      0      0   0.00   0.00      0   0.00 19672.7  0.000 116622.5  0.000      0      0      0      0      0      3.000   13.200  0.000
10/26/1989  42305    440  18570  12691    148   8130     35   1754     10   1135      0      0      0   0.00   0.00      0   0.00 19698.0  0.000 116936.6  0.000      0      0      0      0      0      3.000   13.900  0.000
10/27/1989  41791    429  18283  12537    140   7738     29   1682     10   1172      0      0      0   0.00   0.00      0   0.00 19721.1  0.000 117235.3  0.000      0      0      0      0      0      3.000   14.600  0.000
10/28/1989  41098    415  17911  12329    134   7306     26   1761      9   1164      0      0      0   0.00   0.00      0   0.00 19742.1  0.000 117518.1  0.000      0      0      0      0      0      3.000   14.200  0.000
10/29/1989  40239    400  17397  12071    128   7074     24   1846      9   1179      0      0      0   0.00   0.00      0   0.00 19761.1  0.000 117784.8  0.000      0      0      0      0      0      3.000   16.200  0.000
10/30/1989  39253    389  16870  11775    116   6998     24   1888      9   1199      0      0      0   0.00   0.00      0   0.00 19778.2  0.000 118035.6  0.000      0      0      0      0      0      3.000   17.400  0.000
10/31/1989  38422    376  16442  11526    106   6874     24   1908      9   1248      0      0      0   0.00   0.00      0   0.00 19794.1  0.000 118105.0  0.000      0      0      0      0      0      3.000   18.800  0.000
11/01/1989  37667    361  16026  11300    101   6655     23   1955      8   1192      0      0      0   0.00   0.00      0   0.00 19808.3  0.000 118335.0  0.000      0      0      0      0      0      3.000   14.900  0.000
11/02/1989  38259    346  15551  11477     98   6414     22   1986      6   1048      0      0      0   0.00   0.00      0   0.00 19689.0  0.000 118125.9  0.000      0      0      0      0      0      3.000   11.200  1.110
11/03/1989  37552    332  15133  11265     94   6139     22   2021      4    871      0      0      0   0.00   0.00      0   0.00 19710.4  0.000 118354.4  0.000      0      0      0      0      0      3.000   10.200  0.012
11/04/1989  38172    319  14809  11451     89   5883     20   1975      2    708      0      0      0   0.00   0.00      0   0.00 19730.6  0.000 118754.6  0.000      0      0      0      0      0      3.000    7.500  0.000
11/05/1989  36463    304  14787  10938     82   5601     18   1870      2    685      0      0      0   0.00   0.00      0   0.00 19748.5  0.000 118956.1  0.000      0      0      0      0      0      3.000   10.700  0.000
11/06/1989  32565    290  14778   9769     75   5327     16   1713      2    733      0      0      0   0.00   0.00      0   0.00 19763.5  0.000 119130.1  0.000      0      0      0      0      0      3.000   14.200  0.000
11/07/1989  32027    277  14567   9608     69   5075     13   1484      3    844      0      0      0   0.00   0.00      0   0.00 19777.4  0.000 119296.3  0.000      0      0      0      0      0      3.000   16.000  0.000
11/08/1989  32594    271  14433   9778     63   4910     11   1307      3    913      0      0      0   0.00   0.00      0   0.00 19702.0  0.000 115231.5  0.000      0      0      0      0      0      3.000   18.300  0.201
11/09/1989  33001    265  14159   9900     57   4829      9   1254      3    927      0      0      0   0.00   0.00      0   0.00 19626.4  0.000 111139.4  0.000      0      0      0      0      0      3.000   18.100  0.618
11/10/1989  32101    255  13630   9630     51   4795      7   1280      2    838      0      0      0   0.00   0.00      0   0.00 19648.3  0.000 114685.9  0.000      0      0      0      0      0      3.000   10.900  0.000
11/11/1989  31201    247  13153   9360     46   4738      6   1349      1    739      0      0      0   0.00   0.00      0   0.00 19668.4  0.000 114970.2  0.000      0      0      0      0      0      3.000   12.000  0.000
11/12/1989  30403    237  12699   9120     42   4571      6   1473      0    700      0      0      0   0.00   0.00      0   0.00 19686.8  0.000 115239.6  0.000      0      0      0      0      0      3.000   16.700  0.000
11/13/1989  29619    223  12125   8885     40   4463      5   1433      0    765      0      0      0   0.00   0.00      0   0.00 19703.7  0.000 115494.8  0.000      0      0      0      0      0      3.000   17.600  0.000
11/14/1989  28855    210  11580   8656     37   4401      5   1355      0    825      0      0      0   0.00   0.00      0   0.00 19719.7  0.000 115562.6  0.000      0      0      0      0      0      3.000   18.800  0.059
11/15/1989  29209    198  11257   8762     34   4314      4   1329      0    811      0      0      0   0.00   0.00      0   0.00 19627.1  0.000 115390.9  0.000      0      0      0      0      0      3.000   17.600  0.531
11/16/1989  28471    183  11019   8541     31   4241      3   1285      0    745      0      0      0   0.00   0.00      0   0.00 19646.5  0.000 115632.4  0.000      0      0      0      0      0      3.000   13.400  0.189
11/17/1989  28834    169  10592   8650     29   4156      2   1253      0    535      0      0      0   0.00   0.00      0   0.00 19553.9  0.000 115457.8  0.000      0      0      0      0      0      3.000    3.800  0.000
11/18/1989  29182    160  10231   8754     26   3988      1   1302      0    376      0      0      0   0.00   0.00      0   0.00 19459.3  0.000 115282.1  0.000      0      0      0      0      0      3.000    5.800  0.000
11/19/1989  29560    152  10099   8868     24   3801      0   1291      0    240      0      0      0   0.00   0.00      0   0.00 19362.8  0.000 115105.3  0.000      0      0      0      0      0      3.000    4.100  0.000
11/20/1989  28853    140  10085   8655     21   3657      0   1088      0    341      0      0      0   0.00   0.00      0   0.00 19396.3  0.000 115357.3  0.000      0      0      0      0      0      3.000   11.500  0.000
11/21/1989  29249    130  10030   8774     18   3505      0    913      0    391      0      0      0   0.00   0.00      0   0.00 19428.4  0.000 115606.3  0.000      0      0      0      0      0      3.000   10.200  0.000
11/22/1989  29573    124   9802   8871     15   3434      0    706      0    349      0      0      0   0.00   0.00      0   0.00 19330.7  0.000 115429.4  0.000      0      0      0      0      0      3.000    1.600  0.839
11/23/1989  29820    120   9448   8946     12   3420      0    618      0    200      0      0      0   0.00   0.00      0   0.00 19231.2  0.000 115251.8  0.000      0      0      0      0      0      3.000    1.000  0.382
11/24/1989  30044    116   9031   9013      9   3379      0    559      0     51      0      0      0   0.00   0.00      0   0.00 19129.9  0.000 115073.4  0.000      0      0      0      0      0      3.000   -0.400  0.000
11/25/1989  30203    109   8566   9060      7   3261      0    520      0     95      0      0      0   0.00   0.00      0   0.00 19026.9  0.000 114894.6  0.000      0      0      0      0      0      3.000    4.900  0.000
11/26/1989  28463    100   8156   8538      6   3111      0    442      0    240      0      0      0   0.00   0.00      0   0.00 19077.2  0.000 115148.4  0.000      0      0      0      0      0      3.000   12.900  0.000
11/27/1989  27847     91   7773   8354      5   2886      0    370      0    386      0      0      0   0.00   0.00      0   0.00 19123.8  0.000 115390.5  0.000      0      0      0      0      0      3.000   11.600  0.000
11/28/1989  26074     82   7403   7822      5   2758      0    274      0    494      0      0      0   0.00   0.00      0   0.00 19165.3  0.000 115611.5  0.000      0      0      0      0      0      3.000   16.000  0.000
11/29/1989  26364     74   7130   7909      4   2589      0    291      0    417      0      0      0   0.00   0.00      0   0.00 19074.5  0.000 115444.8  0.000      0      0      0      0      0      3.000    7.000  0.000
11/30/1989  26646     66   7010   7993      3   2308      0    407      0    328      0      0      0   0.00   0.00      0   0.00 18982.5  0.000 115277.3  0.000      0      0      0      0      0      3.000    4.300  0.000
12/01/1989  26826     58   6913   8047      2   2120      0    568      0    224      0      0      0   0.00   0.00      0   0.00 19032.0  0.000 115686.7  0.000      0      0      0      0      0      3.000    6.200  0.000
12/02/1989  27018     52   6826   8105      1   1901      0    657      0    210      0      0      0   0.00   0.00      0   0.00 19079.4  0.000 116081.7  0.000      0      0      0      0      0      3.000    6.100  0.000
12/03/1989  27265     48   6744   8179      0   1703      0    640      0    175      0      0      0   0.00   0.00      0   0.00 18984.6  0.000 115912.2  0.000      0      0      0      0      0      3.000    1.500  0.000
12/04/1989  27515     45   6661   8254      0   1595      0    552      0    117      0      0      0   0.00   0.00      0   0.00 18888.5  0.000 115741.8  0.000      0      0      0      0      0      3.000    1.300  0.000
12/05/1989  27770     42   6581   8331      0   1462      0    481      0    130      0      0      0   0.00   0.00      0   0.00 18944.4  0.000 116145.6  0.000      0      0      0      0      0      3.000    7.800  0.000
12/06/1989  24698     38   6454   7409      0   1386      0    321      0    238      0      0      0   0.00   0.00      0   0.00 18991.6  0.000 116338.3  0.000      0      0      0      0      0      3.000   12.600  0.000
12/07/1989  22632     34   6271   6789      0   1267      0    252      0    320      0      0      0   0.00   0.00      0   0.00 19033.0  0.000 116510.9  0.000      0      0      0      0      0      3.000   10.200  0.110
12/08/1989  22678     31   5944   6803      0   1255      0    283      0    238      0      0      0   0.00   0.00      0   0.00 18954.5  0.000 116356.8  0.000      0      0      0      0      0      3.000    0.300  1.280
12/09/1989  22753     27   5666   6825      0   1234      0    335      0    108      0      0      0   0.00   0.00      0   0.00 18875.2  0.000 116202.5  0.000      0      0      0      0      0      3.000   -3.000  0.630
12/10/1989  22801     24   5332   6840      0   1237      0    362      0      6      0      0      0   0.00   0.00      0   0.00 18795.1  0.000 116047.9  0.000      0      0      0      0      0      3.000   -0.800  0.000
12/11/1989  22947     21   5086   6884      0   1089      0    346      0     28      0      0      0   0.00   0.00      0   0.00 18713.9  0.000 115892.9  0.000      0      0      0      0      0      3.000    2.600  0.000
12/12/1989  23072     18   4809   6921      0    960      0    326      0     52      0      0      0   0.00   0.00      0   0.00 18631.6  0.000 115737.4  0.000      0      0      0      0      0      3.000    2.100  0.469
12/13/1989  23078     15   4489   6923      0   1018      0    238      0     58      0      0      0   0.00   0.00      0   0.00 18548.5  0.000 115582.0  0.000      0      0      0      0      0      3.000    0.300  0.079
12/14/1989  23075     12   4238   6922      0   1127      0    136      0     48      0      0      0   0.00   0.00      0   0.00 18464.9  0.000 115426.5  0.000      0      0      0      0      0      3.000    1.500  0.000
12/15/1989  23050      9   3989   6915      0   1229      0     58      0     74      0      0      0   0.00   0.00      0   0.00 18380.7  0.000 115271.1  0.000      0      0      0      0      0      3.000    5.000  0.000
12/16/1989  23100      7   3876   6930      0   1161      0     58      0     68      0      0      0   0.00   0.00      0   0.00 18296.1  0.000 115115.5  0.000      0      0      0      0      0      3.000   -4.300  0.000
12/17/1989  23243      6   3793   6972      0    995      0     76      0     50      0      0      0   0.00   0.00      0   0.00 18210.8  0.000 114959.5  0.000      0      0      0      0      0      3.000   -4.800  0.000
12/18/1989  23366      5   3642   7009      0    849      0    126      0      0      0      0      0   0.00   0.00      0   0.00 18124.8  0.000 114803.0  0.000      0      0      0      0      0      3.000   -1.100  0.000
12/19/1989  23526      5   3526   7057      0    695      0     98      0      0      0      0      0   0.00   0.00      0   0.00 18037.8  0.000 114645.9  0.000      0      0      0      0      0      3.000   -2.400  0.161
12/20/1989  23591      4   3297   7077      0    630      0     74      0      0      0      0      0   0.00   0.00      0   0.00 17950.2  0.000 114488.6  0.000      0      0      0      0      0      3.000   -2.400  0.000
12/21/1989  23624      3   3043   7087      0    579      0     68      0      0      0      0      0   0.00   0.00      0   0.00 17861.8  0.000 114331.3  0.000      0      0      0      0      0      3.000   -1.000  0.000
12/22/1989  23678      2   2912   7103      0    519      0     50      0      0      0      0      0   0.00   0.00      0   0.00 17773.0  0.000 114173.7  0.000      0      0      0      0      0      3.000   -8.700  0.000
12/23/1989  23729      1   2768   7118      0    494      0      0      0      0      0      0      0   0.00   0.00      0   0.00 17683.6  0.000 114015.9  0.000      0      0      0      0      0      3.000   -8.800  0.000
12/24/1989  23727      0   2518   7118      0    472      0      0      0      0      0      0      0   0.00   0.00      0   0.00 17593.7  0.000 113858.2  0.000      0      0      0      0      0      3.000   -6.700  0.000
12/25/1989  23724      0   2264   7117      0    452      0      0      0      0      0      0      0   0.00   0.00      0   0.00 17503.4  0.000 113700.4  0.000      0      0      0      0      0      3.000   -4.500  0.000
12/26/1989  23788      0   2073   7136      0    364      0      0      0     16      0      0      0   0.00   0.00      0   0.00 17412.4  0.000 113542.5  0.000      0      0      0      0      0      3.000    1.300  0.000
12/27/1989  23894      0   1945   7168      0    234      0      0      0     16      0      0      0   0.00   0.00      0   0.00 17320.7  0.000 113384.2  0.000      0      0      0      0      0      3.000   -2.000  0.000
12/28/1989  23972      0   1839   7191      0    132      0      0      0     44      0      0      0   0.00   0.00      0   0.00 17228.5  0.000 113225.6  0.000      0      0      0      0      0      3.000    2.600  0.000
12/29/1989  23954      0   1776   7186      0    126      0     16      0     92      0      0      0   0.00   0.00      0   0.00 17136.2  0.000 113067.0  0.000      0      0      0      0      0      3.000    6.400  0.000
12/30/1989  23145      0   1677   6943      0    126      0     16      0    196      0      0      0   0.00   0.00      0   0.00 17967.6  0.000 113310.2  0.000      0      0      0      0      0      3.000   11.300  0.000
12/31/1989  23122      0   1605   6936      0    126      0     44      0    295      0      0      0   0.00   0.00      0   0.00 17878.3  0.000 113165.5  0.000      0      0      0      0      0      3.000   14.500  0.280
01/01/1990  23127      0   1463   6938      0     98      0    108      0    302      0      0      0   0.00   0.00      0   0.00 17788.7  0.000 113009.8  0.000      0      0      0      0      0      3.000    7.000  0.130
01/02/1990  23128      0   1338   6938      0     74      0    212      0    217      0      0      0   0.00   0.00      0   0.00 17698.8  0.000 112854.1  0.000      0      0      0      0      0      3.000    1.500  0.000
01/03/1990  23111      0   1314   6933      0     84      0    323      0    162      0      0      0   0.00   0.00      0   0.00 18528.4  0.000 113293.7  0.000      0      0      0      0      0      3.000    6.900  0.000
01/04/1990  21622      0   1311   6486      0     66      0    394      0    215      0      0      0   0.00   0.00      0   0.00 18585.5  0.000 113516.4  0.000      0      0      0      0      0      3.000   13.100  0.000
01/05/1990  20772      0   1361   6231      0     44      0    385      0    313      0      0      0   0.00   0.00      0   0.00 18638.2  0.000 113726.2  0.000      0      0      0      0      0      3.000   12.100  0.051
01/06/1990  20749      0   1287   6224      0    108      0    393      0    339      0      0      0   0.00   0.00      0   0.00 18557.9  0.000 113592.4  0.000      0      0      0      0      0      3.000    9.800  0.311
01/07/1990  20726      0   1121   6217      0    212      0    413      0    285      0      0      0   0.00   0.00      0   0.00 18477.0  0.000 113445.4  0.000      0      0      0      0      0      3.000    6.500  0.059
01/08/1990  20703      0    975   6210      0    339      0    403      0    224      0      0      0   0.00   0.00      0   0.00 18395.9  0.000 113298.4  0.000      0      0      0      0      0      3.000    4.800  0.500
01/09/1990  20680      0    793   6204      0    410      0    430      0    188      0      0      0   0.00   0.00      0   0.00 18314.5  0.000 113151.6  0.000      0      0      0      0      0      3.000    5.400  0.000
01/10/1990  20657      0    704   6197      0    429      0    481      0    203      0      0      0   0.00   0.00      0   0.00 18376.9  0.000 113534.1  0.000      0      0      0      0      0      3.000    7.500  0.000
01/11/1990  16509      0    647   4952      0    501      0    465      0    243      0      0      0   0.00   0.00      0   0.00 18425.0  0.000 113828.8  0.000      0      0      0      0      0      3.000    8.400  0.000
01/12/1990  16487      0    569   4946      0    625      0    403      0    260      0      0      0   0.00   0.00      0   0.00 18360.2  0.000 113698.2  0.000      0      0      0      0      0      3.000    7.100  0.000
01/13/1990  16465      0    494   4939      0    742      0    371      0    193      0      0      0   0.00   0.00      0   0.00 18295.4  0.000 113567.8  0.000      0      0      0      0      0      3.000    1.200  0.000
01/14/1990  16443      0    472   4932      0    840      0    369      0    139      0      0      0   0.00   0.00      0   0.00 18230.6  0.000 113437.4  0.000      0      0      0      0      0      3.000    3.300  0.000
01/15/1990  13579      0    452   4073      0    910      0    378      0    173      0      0      0   0.00   0.00      0   0.00 18273.7  0.000 113574.7  0.000      0      0      0      0      0      3.000   10.000  0.000
01/16/1990  13144      0    380   3943      0    950      0    340      0    280      0      0      0   0.00   0.00      0   0.00 18314.4  0.000 113706.0  0.000      0      0      0      0      0      3.000   12.000  0.000
01/17/1990  12516      0    250   3754      0   1012      0    320      0    382      0      0      0   0.00   0.00      0   0.00 18352.2  0.000 113829.5  0.000      0      0      0      0      0      3.000   14.100  0.000
01/18/1990  11895      0    176   3568      0   1069      0    348      0    424      0      0      0   0.00   0.00      0   0.00 18387.3  0.000 113945.4  0.000      0      0      0      0      0      3.000   15.300  0.000
01/19/1990  11938      0    234   3581      0   1101      0    377      0    415      0      0      0   0.00   0.00      0   0.00 18339.9  0.000 113856.1  0.000      0      0      0      0      0      3.000   10.500  0.000
01/20/1990  12021      0    338   3606      0   1076      0    442      0    378      0      0      0   0.00   0.00      0   0.00 18291.8  0.000 113766.3  0.000      0      0      0      0      0      3.000    9.200  0.000
01/21/1990  12127      0    465   3638      0    967      0    579      0    386      0      0      0   0.00   0.00      0   0.00 18244.8  0.000 113675.9  0.000      0      0      0      0      0      3.000   15.100  0.902
01/22/1990  12177      0    508   3653      0    938      0    653      0    380      0      0      0   0.00   0.00      0   0.00 18283.1  0.000 113796.3  0.000      0      0      0      0      0      3.000    9.000  0.000
01/23/1990   9627      0    503   2888      0   1032      0    647      0    392      0      0      0   0.00   0.00      0   0.00 18312.7  0.000 113890.2  0.000      0      0      0      0      0      3.000    9.600  0.000
01/24/1990   9679      0    569   2903      0   1085      0    685      0    345      0      0      0   0.00   0.00      0   0.00 18275.0  0.000 113813.5  0.000      0      0      0      0      0      3.000   10.100  0.051
01/25/1990   9784      0    675   2935      0   1105      0    651      0    408      0      0      0   0.00   0.00      0   0.00 18236.8  0.000 113736.2  0.000      0      0      0      0      0      3.000   16.200  0.390
01/26/1990   9882      0    742   2964      0   1143      0    615      0    362      0      0      0   0.00   0.00      0   0.00 18199.4  0.000 113636.2  0.000      0      0      0      0      0      3.000    5.600  0.409
01/27/1990   9961      0    840   2988      0   1161      0    615      0    314      0      0      0   0.00   0.00      0   0.00 18161.8  0.000 113535.7  0.000      0      0      0      0      0      3.000    5.000  0.000
01/28/1990   9760      0    910   2928      0   1198      0    681      0    254      0      0      0   0.00   0.00      0   0.00 18194.0  0.000 113633.1  0.000      0      0      0      0      0      3.000    8.700  0.000
01/29/1990   9798      0    966   2939      0   1305      0    591      0    350      0      0      0   0.00   0.00      0   0.00 18156.2  0.000 113555.8  0.000      0      0      0      0      0      3.000   13.900  0.272
01/30/1990   9842      0   1028   2952      0   1353      0    549      0    392      0      0      0   0.00   0.00      0   0.00 18118.5  0.000 113455.9  0.000      0      0      0      0      0      3.000    8.000  0.000
01/31/1990   9607      0   1113   2882      0   1387      0    543      0    409      0      0      0   0.00   0.00      0   0.00 18151.0  0.000 113552.5  0.000      0      0      0      0      0      3.000    9.500  0.000
02/01/1990   9359      0   1209   2807      0   1407      0    596      0    376      0      0      0   0.00   0.00      0   0.00 18182.1  0.000 113645.6  0.000      0      0      0      0      0      3.000    9.900  0.000
02/02/1990   2938      0   1288    881      0   1501      0    533      0    472      0      0      0   0.00   0.00      0   0.00 18191.8  0.000 113674.0  0.000      0      0      0      0      0      3.000   16.600  0.000
02/03/1990   2492      0   1306    747      0   1556      0    590      0    435      0      0      0   0.00   0.00      0   0.00 18200.0  0.000 113698.0  0.000      0      0      0      0      0      3.000   16.800  0.012
02/04/1990   2526      0   1348    757      0   1582      0    658      0    368      0      0      0   0.00   0.00      0   0.00 18208.3  0.000 113722.2  0.000      0      0      0      0      0      3.000   14.600  0.020
02/05/1990   2631      0   1461    789      0   1582      0    751      0    196      0      0      0   0.00   0.00      0   0.00 18200.6  0.000 113671.9  0.000      0      0      0      0      0      3.000    6.000  0.000
02/06/1990   2748      0   1570    824      0   1626      0    675      0    147      0      0      0   0.00   0.00      0   0.00 18209.6  0.000 113717.7  0.000      0      0      0      0      0      3.000    8.000  0.000
02/07/1990   2348      0   1714    634      0   1592      0    634      0    146      0      0      0   0.00   0.00      0   0.00 18216.6  0.000 113737.6  0.000      0      0      0      0      0      3.000   12.900  0.098
02/08/1990   2434      0   1841    593      0   1567      0    538      0    148      0      0      0   0.00   0.00      0   0.00 18223.1  0.000 113756.0  0.000      0      0      0      0      0      3.000   10.300  0.000
02/09/1990   2339      0   1893    446      0   1587      0    446      0    150      0      0      0   0.00   0.00      0   0.00 18227.9  0.000 113769.3  0.000      0      0      0      0      0      3.000   14.700  0.189
02/10/1990   2438      0   1896    542      0   1686      0    308      0    119      0      0      0   0.00   0.00      0   0.00 18222.3  0.000 113741.3  0.000      0      0      0      0      0      3.000   14.500  1.118
02/11/1990   2593      0   1932    661      0   1616      0    251      0    110      0      0      0   0.00   0.00      0   0.00 18216.0  0.000 113691.4  0.000      0      0      0      0      0      3.000    7.700  0.000
02/12/1990   2695      0   1971    724      0   1575      0    228      0     94      0      0      0   0.00   0.00      0   0.00 18209.4  0.000 113640.5  0.000      0      0      0      0      0      3.000    7.300  0.000
02/13/1990   2805      0   2071    734      0   1490      0    231      0    108      0      0      0   0.00   0.00      0   0.00 18217.4  0.000 113663.8  0.000      0      0      0      0      0      3.000   12.000  0.000
02/14/1990   2853      0   2115    738      0   1418      0    214      0    149      0      0      0   0.00   0.00      0   0.00 18225.5  0.000 113687.1  0.000      0      0      0      0      0      3.000   16.400  0.000
02/15/1990   2916      0   2164    752      0   1313      0    176      0    196      0      0      0   0.00   0.00      0   0.00 18233.5  0.000 113696.3  0.000      0      0      0      0      0      3.000   18.900  0.000
02/16/1990   2980      0   2120    860      0   1276      0    191      0    224      0      0      0   0.00   0.00      0   0.00 18224.1  0.000 113387.5  0.000      0      0      0      0      0      3.000   18.500  1.220
02/17/1990   2961      0   2090    871      0   1254      0    213      0    224      0      0      0   0.00   0.00      0   0.00 18233.7  0.000 113416.1  0.000      0      0      0      0      0      3.000   13.100  0.000
02/18/1990   3065      0   2133    919      0   1178      0    253      0    183      0      0      0   0.00   0.00      0   0.00 18225.9  0.000 113361.7  0.000      0      0      0      0      0      3.000    6.000  0.181
02/19/1990   3225      0   2246    967      0   1036      0    305      0    160      0      0      0   0.00   0.00      0   0.00 18217.8  0.000 113327.4  0.000      0      0      0      0      0      3.000    9.200  0.441
02/20/1990   3327      0   2294    998      0    956      0    343      0    143      0      0      0   0.00   0.00      0   0.00 18209.4  0.000 113270.6  0.000      0      0      0      0      0      3.000    7.500  0.000
02/21/1990   3449      0   2339   1034      0    877      0    328      0    152      0      0      0   0.00   0.00      0   0.00 18220.9  0.000 113330.6  0.000      0      0      0      0      0      3.000    6.200  0.000
02/22/1990   3577      0   2379   1073      0    809      0    316      0    190      0      0      0   0.00   0.00      0   0.00 18211.6  0.000 113293.5  0.000      0      0      0      0      0      3.000   13.500  0.311
02/23/1990   3776      0   2506   1132      0    680      0    290      0    250      0      0      0   0.00   0.00      0   0.00 18201.8  0.000 113255.0  0.000      0      0      0      0      0      3.000   15.200  0.228
02/24/1990   3862      0   2581   1158      0    666      0    256      0    270      0      0      0   0.00   0.00      0   0.00 18191.8  0.000 113193.6  0.000      0      0      0      0      0      3.000    7.300  0.000
02/25/1990   3924      0   2608   1177      0    665      0    282      0    176      0      0      0   0.00   0.00      0   0.00 18181.6  0.000 113131.7  0.000      0      0      0      0      0      3.000   -1.500  0.000
02/26/1990   3951      0   2529   1185      0    667      0    357      0     65      0      0      0   0.00   0.00      0   0.00 18171.2  0.000 113069.6  0.000      0      0      0      0      0      3.000   -2.600  0.000
02/27/1990   3988      0   2448   1196      0    679      0    366      0     66      0      0      0   0.00   0.00      0   0.00 18159.8  0.000 113007.2  0.000      0      0      0      0      0      3.000    6.400  0.000
02/28/1990   4048      0   2372   1214      0    662      0    315      0    170      0      0      0   0.00   0.00      0   0.00 18173.4  0.000 113048.8  0.000      0      0      0      0      0      3.000   10.000  0.000
03/01/1990   4076      0   2253   1222      0    671      0    270      0    268      0      0      0   0.00   0.00      0   0.00 18161.9  0.000 112985.7  0.000      0      0      0      0      0      3.000    8.500  0.000
03/02/1990   4114      0   2183   1234      0    719      0    242      0    316      0      0      0   0.00   0.00      0   0.00 18150.1  0.000 112944.7  0.000      0      0      0      0      0      3.000    9.400  0.071
03/03/1990   4143      0   2113   1242      0    793      0    235      0    348      0      0      0   0.00   0.00      0   0.00 18138.0  0.000 112903.4  0.000      0      0      0      0      0      3.000   10.900  0.610
03/04/1990   4163      0   1977   1248      0    831      0    268      0    339      0      0      0   0.00   0.00      0   0.00 18125.0  0.000 112839.6  0.000      0      0      0      0      0      3.000    6.200  0.000
03/05/1990   4129      0   1897   1238      0    801      0    382      0    340      0      0      0   0.00   0.00      0   0.00 18139.1  0.000 112914.7  0.000      0      0      0      0      0      3.000    7.800  0.000
03/06/1990   4171      0   1829   1251      0    750      0    518      0    378      0      0      0   0.00   0.00      0   0.00 18153.3  0.000 112957.9  0.000      0      0      0      0      0      3.000   12.300  0.000
03/07/1990   4230      0   1781   1269      0    748      0    541      0    371      0      0      0   0.00   0.00      0   0.00 18139.7  0.000 112893.6  0.000      0      0      0      0      0      3.000    4.800  0.000
03/08/1990   4299      0   1685   1289      0    775      0    552      0    318      0      0      0   0.00   0.00      0   0.00 18125.5  0.000 112828.7  0.000      0      0      0      0      0      3.000    3.300  0.020
03/09/1990   4370      0   1691   1311      0    794      0    628      0    306      0      0      0   0.00   0.00      0   0.00 18140.4  0.000 112874.3  0.000      0      0      0      0      0      3.000    9.500  0.079
03/10/1990   4428      0   1691   1328      0    840      0    596      0    477      0      0      0   0.00   0.00      0   0.00 18155.3  0.000 112920.4  0.000      0      0      0      0      0      3.000   16.000  0.000
03/11/1990   4453      0   1614   1335      0    940      0    522      0    719      0      0      0   0.00   0.00      0   0.00 18170.7  0.000 112932.4  0.000      0      0      0      0      0      3.000   20.000  0.000
03/12/1990   4497      0   1501   1349      0    973      0    595      0    903      0      0      0   0.00   0.00      0   0.00 18186.0  0.000 112943.1  0.000      0      0      0      0      0      3.000   23.200  0.000
03/13/1990   4535      0   1442   1360      0   1037      0    733      0   1009      0      0      0   0.00   0.00      0   0.00 18201.3  0.000 112954.0  0.000      0      0      0      0      0      3.000   22.900  0.000
03/14/1990   4566      0   1357   1369      0   1166      0    863      0   1073      0      0      0   0.00   0.00      0   0.00 18216.7  0.000 112966.3  0.000      0      0      0      0      0      3.000   22.500  0.000
03/15/1990   4645      0   1315   1393      0   1154      0   1127      1   1097      0      0      0   0.00   0.00      0   0.00 18232.1  0.000 112980.0  0.000      0      0      0      0      0      3.000   21.600  0.000
03/16/1990   4410      0   1220   1323      0   1105      0   1424      2   1134      0      0      0   0.00   0.00      0   0.00 18246.6  0.000 112990.6  0.000      0      0      0      0      0      3.000   22.800  0.000
03/17/1990   4460      0   1192   1338      0   1202      0   1630      3   1127      0      0      0   0.00   0.00      0   0.00 18235.4  0.000 112384.8  0.000      0      0      0      0      0      3.000   20.000  0.740
03/18/1990   4444      0   1123   1333      0   1455      1   1747      2   1040      0      0      0   0.00   0.00      0   0.00 18249.5  0.000 112861.9  0.000      0      0      0      0      0      3.000   13.800  0.012
03/19/1990   4389      0   1089   1316      0   1759      2   1839      1    931      0      0      0   0.00   0.00      0   0.00 18263.3  0.000 112907.6  0.000      0      0      0      0      0      3.000   13.600  0.000
03/20/1990   4439      0   1111   1331      0   2039      3   1854      0    687      0      0      0   0.00   0.00      0   0.00 18247.0  0.000 112841.6  0.000      0      0      0      0      0      3.000    4.600  0.039
03/21/1990   4527      0   1147   1358      0   2294      3   1778      0    579      0      0      0   0.00   0.00      0   0.00 18261.3  0.000 112924.3  0.000      0      0      0      0      0      3.000    7.200  0.000
03/22/1990   3677      0   1209   1103      0   2564      3   1697      1    582      0      0      0   0.00   0.00      0   0.00 18272.8  0.000 112962.3  0.000      0      0      0      0      0      3.000   13.000  0.000
03/23/1990   3172      0   1277    951      0   2820      3   1444      1    768      0      0      0   0.00   0.00      0   0.00 18282.6  0.000 112994.8  0.000      0      0      0      0      0      3.000   16.900  0.000
03/24/1990   3167      0   1376    950      0   3080      3   1223      1    791      0      0      0   0.00   0.00      0   0.00 18292.5  0.000 113027.3  0.000      0      0      0      0      0      3.000   11.700  0.000
03/25/1990   3240      0   1438    972      1   3352      3   1152      0    625      0      0      0   0.00   0.00      0   0.00 18281.9  0.000 112971.3  0.000      0      0      0      0      0      3.000    6.900  0.000
03/26/1990   3339      0   1523   1001      2   3520      2   1172      0    499      0      0      0   0.00   0.00      0   0.00 18292.3  0.000 113005.5  0.000      0      0      0      0      0      3.000   10.300  0.000
03/27/1990   3408      0   1646   1022      3   3633      1   1083      0    465      0      0      0   0.00   0.00      0   0.00 18302.9  0.000 113040.4  0.000      0      0      0      0      0      3.000    9.200  0.000
03/28/1990   3088      0   1660    926      3   3668      1   1090      0    507      0      0      0   0.00   0.00      0   0.00 18312.4  0.000 113071.9  0.000      0      0      0      0      0      3.000    9.400  0.000
03/29/1990   3134      0   1645    940      3   3781      1   1092      0    456      0      0      0   0.00   0.00      0   0.00 18302.7  0.000 113016.9  0.000      0      0      0      0      0      3.000    7.900  2.650
03/30/1990   3280      0   1728    984      3   3909      1    966      0    443      0      0      0   0.00   0.00      0   0.00 18292.5  0.000 112982.1  0.000      0      0      0      0      0      3.000    9.300  0.000
03/31/1990   3517      0   1913   1055      3   3959      1    829      0    475      0      0      0   0.00   0.00      0   0.00 18283.0  0.000 112945.5  0.000      0      0      0      0      0      3.000   12.400  0.799
04/01/1990   3724      0   2181   1117      4   3853      0    757      0    619      0      0      0   0.00   0.00      0   0.00 18294.9  0.000 112983.9  0.000      0      0      0      0      0      3.000   17.800  0.000
04/02/1990   4070      0   2471   1221      4   3631      0    784      0    735      0      0      0   0.00   0.00      0   0.00 18284.3  0.000 112943.1  0.000      0      0      0      0      0      3.000   17.900  0.402
04/03/1990   4429      0   2779   1328      4   3449      0    805      0    725      0      0      0   0.00   0.00      0   0.00 18298.4  0.000 112989.0  0.000      0      0      0      0      0      3.000   10.900  0.000
04/04/1990   4556      0   3102   1366      4   3245      0    911      0    633      0      0      0   0.00   0.00      0   0.00 18312.8  0.000 113036.0  0.000      0      0      0      0      0      3.000    9.800  0.000
04/05/1990   4835      0   3378   1450      4   3041      0   1012      0    590      0      0      0   0.00   0.00      0   0.00 18327.9  0.000 113085.7  0.000      0      0      0      0      0      3.000   14.300  0.000
04/06/1990   5231      0   3663   1568      4   2771      0   1074      0    650      0      0      0   0.00   0.00      0   0.00 18315.4  0.000 113036.8  0.000      0      0      0      0      0      3.000   16.100  0.382
04/07/1990   5592      0   3959   1633      4   2561      0   1101      0    615      0      0      0   0.00   0.00      0   0.00 18302.1  0.000 112962.4  0.000      0      0      0      0      0      3.000    7.600  0.272
04/08/1990   5876      1   4242   1633      3   2476      0   1127      0    534      0      0      0   0.00   0.00      0   0.00 18319.2  0.000 113061.2  0.000      0      0      0      0      0      3.000    7.300  0.000
04/09/1990   5933      2   4529   1402      2   2459      0   1105      0    487      0      0      0   0.00   0.00      0   0.00 18333.6  0.000 113108.3  0.000      0      0      0      0      0      3.000   10.800  0.000
04/10/1990   5768      3   4580   1185      1   2609      0    981      0    610      0      0      0   0.00   0.00      0   0.00 18345.5  0.000 113147.2  0.000      0      0      0      0      0      3.000   17.500  0.000
04/11/1990   5888      3   4651   1234      1   2622      0    936      0    676      0      0      0   0.00   0.00      0   0.00 18357.9  0.000 113187.8  0.000      0      0      0      0      0      3.000   14.600  0.000
04/12/1990   6178      3   4843   1332      1   2510      0    959      0    614      0      0      0   0.00   0.00      0   0.00 18371.2  0.000 113265.3  0.000      0      0      0      0      0      3.000    8.400  0.000
04/13/1990   6358      3   5032   1323      1   2431      0   1001      0    518      0      0      0   0.00   0.00      0   0.00 18384.2  0.000 113308.4  0.000      0      0      0      0      0      3.000   10.000  0.000
04/14/1990   6530      3   5094   1433      1   2481      0    962      0    524      0      0      0   0.00   0.00      0   0.00 18398.3  0.000 113355.3  0.000      0      0      0      0      0      3.000   13.200  0.059
04/15/1990   6655      4   5129   1522      0   2500      0    958      0    651      0      0      0   0.00   0.00      0   0.00 18382.9  0.000 113296.9  0.000      0      0      0      0      0      3.000   16.200  0.209
