Varroa Population Simulation - May 03,2018  07:39:35 PM
VarroaPop Version 3.2.8.12 March 2018

                                        Capped  Capped                                                                      Prop           Conc          Conc                                             
            Colony  Adult  Adult         Drone   Wkr    Drone  Wkr    Drone  Wkr  Free   DBrood WBrood DMite  WMite  Mites  Mites  Colony Pollen Colony Nectar   Dead   Dead   Dead   Dead   Dead    Queen      Ave
     Date   Size   Drones   Wkr   Forgrs Brood  Brood   Larv   Larv    Eggs  Eggs Mites  Mites  Mites  /Cell  /Cell  Dying  Dying  Pollen  Pest  Nectar  Pest    DLarv  WLarv  DAdlt  WAdlt  Forgrs  Strength   Temp   Rain
Initial      7500      0   4242   2250      0  11500      0   7000      0   6000      0      0      0   0.00   0.00      0   0.00    0.0  0.000    0.0  0.000      0      0      0      0      0      3.000    0.000  0.000
05/12/1989   8182      0   4924   2454      0  12016      0   7600      3   4408      0      0      0   0.00   0.00      0   0.00 10000.0  0.000 30000.0  0.000      0      0      0      0      0      3.000   13.100  0.000
05/13/1989   8864      0   5606   2659      0  12532      0   8200      7   2872      0      0      0   0.00   0.00      0   0.00 10318.1  0.000 30963.0  0.000      0      0      0      0      0      3.000   15.500  0.000
05/14/1989   9546      0   6288   2863      0  13048      0   8800     11   1381      0      0      0   0.00   0.00      0   0.00 10658.9  0.000 32001.0  0.000      0      0      0      0      0      3.000   17.600  0.000
05/15/1989  10430      0   6970   3129      0  13564      3   7808     12   1488      0      0      0   0.00   0.00      0   0.00 10625.6  0.000 31920.0  0.000      0      0      0      0      0      3.000   17.900  0.228
05/16/1989  11112      0   7652   3333      0  14080      7   6872     13   1529      0      0      0   0.00   0.00      0   0.00 11030.0  0.000 33131.2  0.000      0      0      0      0      0      3.000   16.700  0.000
05/17/1989  11794      0   8334   3460      0  15196     11   5381     14   1553      0      0      0   0.00   0.00      0   0.00 11434.8  0.000 33465.4  0.000      0      0      0      0      0      3.000   18.000  0.000
05/18/1989  12476      0   9016   3460      0  16312     15   3896     15   1625      0      0      0   0.00   0.00      0   0.00 11839.1  0.000 33837.8  0.000      0      0      0      0      0      3.000   20.700  0.000
05/19/1989  13158      0   9698   3460      0  17428     20   2401     15   1701      0      0      0   0.00   0.00      0   0.00 12245.6  0.000 34356.9  0.000      0      0      0      0      0      3.000   20.400  0.000
05/20/1989  13840      0  10380   3460      0  16952     25   2526     15   1766      0      0      0   0.00   0.00      0   0.00 12648.3  0.000 34825.4  0.000      0      0      0      0      0      3.000   21.300  0.020
05/21/1989  14522      0  11062   3460      0  16532     30   2649     15   1793      0      0      0   0.00   0.00      0   0.00 13047.5  0.000 35246.7  0.000      0      0      0      0      0      3.000   22.200  0.000
05/22/1989  15204      0  11744   3460      3  16157     32   2721     15   1838      0      0      0   0.00   0.00      0   0.00 13445.5  0.000 35571.9  0.000      0      0      0      0      0      3.000   22.900  0.020
05/23/1989  16088      0  12426   3662      7  15788     33   2804     15   1851      0      0      0   0.00   0.00      0   0.00 13386.4  0.000 33963.6  0.000      0      0      0      0      0      3.000   22.000  0.201
05/24/1989  16778      0  13116   3662     11  15401     34   2913     16   1837      0      0      0   0.00   0.00      0   0.00 13808.1  0.000 34168.3  0.000      0      0      0      0      0      3.000   20.500  0.000
05/25/1989  17976      0  14314   3662     15  14534     35   3006     17   1875      0      0      0   0.00   0.00      0   0.00 14225.8  0.000 34240.2  0.000      0      0      0      0      0      3.000   24.100  0.000
05/26/1989  19174      0  15512   3662     20  13721     35   3030     19   1965      0      0      0   0.00   0.00      0   0.00 14639.8  0.000 34185.6  0.000      0      0      0      0      0      3.000   26.600  0.000
05/27/1989  20372      0  16710   3662     25  12902     36   3049     20   2047      0      0      0   0.00   0.00      0   0.00 15049.9  0.000 34001.5  0.000      0      0      0      0      0      3.000   25.300  0.000
05/28/1989  21570      0  17908   3662     30  12100     37   3115     19   1952      0      0      0   0.00   0.00      0   0.00 15456.3  0.000 33688.4  0.000      0      0      0      0      0      3.000   18.900  0.000
05/29/1989  22742      0  19106   3636     35  11314     39   3202     17   1830      0      0      0   0.00   0.00      0   0.00 15855.5  0.000 33238.0  0.000      0      0      0      0      0      3.000   19.400  0.000
05/30/1989  24540      0  20904   3636     40   9940     41   3258     16   1787      0      0      0   0.00   0.00      0   0.00 16248.0  0.000 32627.1  0.000      0      0      0      0      0      3.000   22.700  0.000
05/31/1989  26338      0  22702   3636     45   8551     41   3216     18   1895      0      0      0   0.00   0.00      0   0.00 16633.7  0.000 31852.0  0.000      0      0      0      0      0      3.000   25.100  0.000
06/01/1989  27934      0  24500   3434     50   7151     41   3195     20   2031      0      0      0   0.00   0.00      0   0.00 16987.3  0.000 30923.0  0.000      0      0      0      0      0      3.000   27.800  0.000
06/02/1989  28140      0  24024   4116     55   7407     42   3170     20   2072      0      0      0   0.00   0.00      0   0.00 17431.7  0.000 30280.1  0.000      0      0      0      0      0      3.000   26.700  0.142
06/03/1989  28402      0  23604   4798     61   7644     43   3146     22   2124      0      0      0   0.00   0.00      0   0.00 17967.3  0.000 29930.9  0.000      0      0      0      0      0      3.000   25.700  0.000
06/04/1989  28911      0  23229   5682     67   7817     44   3179     26   2199      0      0      0   0.00   0.00      0   0.00 17873.5  0.000 26942.6  0.000      0      0      0      0      0      3.000   26.100  0.921
06/05/1989  29429      3  22860   6566     71   7871     43   3290     34   2330      0      0      0   0.00   0.00      0   0.00 17781.7  0.000 23806.7  0.000      0      0      0      0      0      3.000   23.900  1.319
06/06/1989  29938      7  22481   7450     74   7945     45   3440     42   2428      0      0      0   0.00   0.00      0   0.00 17691.7  0.000 20518.2  0.000      0      0      0      0      0      3.000   22.300  0.409
06/07/1989  30273     11  22130   8132     75   8051     51   3591     49   2492      0      0      0   0.00   0.00      0   0.00 18674.4  0.000 21358.8  0.000      0      0      0      0      0      3.000   21.600  0.000
06/08/1989  30662     15  21833   8814     76   8141     60   3725     56   2594      0      0      0   0.00   0.00      0   0.00 18745.6  0.000 22432.2  0.000      0      0      0      0      0      3.000   22.800  0.098
06/09/1989  31248     20  21530   9374     77   8275     71   3837     62   2743      0      0      0   0.00   0.00      0   0.00 18663.3  0.000 18700.3  0.000      0      0      0      0      0      3.000   24.200  0.402
06/10/1989  31649     25  21244   9494     79   8357     82   4011     71   2909      0      0      0   0.00   0.00      0   0.00 18741.5  0.000 19754.5  0.000      0      0      0      0      0      3.000   24.600  0.000
06/11/1989  32066     30  20974   9619     81   8472     96   4195     76   2973      0      0      0   0.00   0.00      0   0.00 18816.5  0.000 20694.2  0.000      0      0      0      0      0      3.000   21.900  0.000
06/12/1989  32293     35  20716   9687     82   8636    113   4381     81   3010      0      0      0   0.00   0.00      0   0.00 18887.4  0.000 21649.1  0.000      0      0      0      0      0      3.000   22.400  0.110
06/13/1989  32707     40  20443   9812     86   8836    131   4590     86   3089      0      0      0   0.00   0.00      0   0.00 18955.0  0.000 22618.2  0.000      0      0      0      0      0      3.000   25.100  0.012
06/14/1989  33110     45  20151   9933     92   9063    146   4740     94   3276      0      0      0   0.00   0.00      0   0.00 19019.2  0.000 23664.0  0.000      0      0      0      0      0      3.000   26.900  0.000
06/15/1989  33779     50  19415  10133    101   9253    160   4899    102   3435      0      0      0   0.00   0.00      0   0.00 18939.1  0.000 19420.6  0.000      0      0      0      0      0      3.000   26.300  0.358
06/16/1989  34485     55  18716  10345    113   9465    175   5085    105   3436      0      0      0   0.00   0.00      0   0.00 18856.8  0.000 15081.8  0.000      0      0      0      0      0      3.000   22.200  0.618
06/17/1989  35173     61  17998  10551    125   9759    191   5273    109   3393      0      0      0   0.00   0.00      0   0.00 18772.7  0.000 10652.8  0.000      0      0      0      0      0      3.000   21.800  0.280
06/18/1989  35546     67  17167  10663    140  10210    206   5425    116   3445      0      0      0   0.00   0.00      0   0.00 18853.7  0.000 11747.8  0.000      0      0      0      0      0      3.000   24.100  0.000
06/19/1989  35930     74  16346  10779    156  10608    218   5548    127   3626      0      0      0   0.00   0.00      0   0.00 18930.2  0.000 12922.6  0.000      0      0      0      0      0      3.000   25.200  0.000
06/20/1989  36576     81  14985  10972    176  10982    229   5656    135   3740      0      0      0   0.00   0.00      0   0.00 18843.9  0.000 8357.2  0.000      0      0      0      0      0      3.000   22.900  0.319
06/21/1989  37258     86  13662  11177    197  11404    246   5781    142   3788      0      0      0   0.00   0.00      0   0.00 18756.0  0.000 3690.5  0.000      0      0      0      0      0      3.000   22.900  0.752
06/22/1989  37776     91  12377  11332    220  11853    264   5898    151   3875      0      0      0   0.00   0.00      0   0.00 18843.1  0.000 4662.0  0.000      0      0      0      0      0      3.000   24.800  0.000
06/23/1989  38462     97  12649  11538    246  12345    278   5961    163   4029      0      0      0   0.00   0.00      0   0.00 18750.2  0.000    0.0  0.000      0      0      0      0      0      3.000   24.600  0.559
06/24/1989  38996    104  12914  11698    273  12716    294   6133    171   4139      0      0      0   0.00   0.00      0   0.00 18840.5  0.000 1016.9  0.000      0      0      0      0      0      3.000   24.200  0.161
06/25/1989  39591    111  13195  11877    302  13047    313   6380    175   4171      0      0      0   0.00   0.00      0   0.00 18925.6  0.000 2036.6  0.000      0      0      0      0      0      3.000   24.600  0.000
06/26/1989  40203    114  13491  12060    331  13460    336   6545    179   4251      0      0      0   0.00   0.00      0   0.00 19005.6  0.000 3066.0  0.000      0      0      0      0      0      3.000   26.700  0.000
06/27/1989  14181     19  11414   2748    360  13914    356   6646    185   4372      0      0      0   0.00   0.00      0   0.00 19080.9  0.000 4122.1  0.006      0      0     95   2388  24146      3.000   27.800  0.000
06/28/1989  15027     29  11912   3086    392  14295    372   6811    130   3564      0      0      0   0.00   0.00      0   0.00 19023.9  0.000 2372.5  0.003      0      0      1      1     17      3.000   25.500  0.831
06/29/1989  15491     32  12419   3040    424  14654    388   7008     73   2710      0      0      0   0.00   0.00      0   0.00 19042.8  0.000 2290.9  0.003      0      0     11     15    347      3.000   24.400  0.012
06/30/1989  15764     35  12996   2733    453  15046    406   7143     14   1780      0      0      0   0.00   0.00      0   0.00 19059.1  0.000 2028.4  0.003      0      0     13     12    331      3.000   22.000  0.000
07/01/1989  16350     39  13605   2706    485  15415    360   6346     13   1726      0      0      0   0.00   0.00      0   0.00 19075.0  0.000 1705.6  0.003      0      0     13     12    336      3.000   21.700  0.000
07/02/1989  16807     45  14163   2599    519  15820    310   5579     11   1662      0      0      0   0.00   0.00      0   0.00 19089.9  0.000 1285.1  0.002      0      0     14     10    335      3.000   22.800  0.000
07/03/1989  17393     52  14750   2591    554  16207    257   4752      9   1644      0      0      0   0.00   0.00      0   0.00 19104.3  0.000  800.0  0.001      0      0     15      9    335      3.000   24.000  0.000
07/04/1989  18080     61  15433   2586    585  16577    202   3821      9   1680      0      0      0   0.00   0.00      0   0.00 19118.4  0.000  287.4  0.000      0      0     17      9    322      3.000   25.500  0.031
07/05/1989  19269     86  16197   2986    618  16916    146   2869      9   1687      0      0      0   0.00   0.00      0   0.00 19051.3  0.000    0.0  0.000      0      0      0      0      0      3.000   24.300  0.209
07/06/1989  20468    113  16926   3429    652  16336     87   2832     11   1746      0      0      0   0.00   0.00      0   0.00 18981.1  0.000    0.0  0.000      0      0      0      0      0      3.000   25.100  0.461
07/07/1989  21599    144  17559   3896    684  15851     26   2791     14   1832      0      0      0   0.00   0.00      0   0.00 18908.6  0.000    0.0  0.000      0      0      0      0      0      3.000   25.100  0.260
07/08/1989  22219    151  18208   3860    654  15303     25   2776     19   1997      0      0      0   0.00   0.00      0   0.00 18935.1  0.000    0.0  0.000      0      0     26     17    401      3.000   26.400  0.000
07/09/1989  22855    159  18856   3840    623  14617     25   2852     22   2100      0      0      0   0.00   0.00      0   0.00 18961.3  0.000    0.0  0.000      0      0     27     18    488      3.000   26.200  0.000
07/10/1989  23139    169  19555   3415    593  13887     26   2961     24   2180      0      0      0   0.00   0.00      0   0.00 18983.8  0.000    0.0  0.000      0      0     24     14    472      3.000   28.000  0.000
07/11/1989  23715    180  20151   3384    558  13207     31   3129     22   2169      0      0      0   0.00   0.00      0   0.00 19005.8  0.000    0.0  0.000      0      0     26     12    515      3.000   29.200  0.000
07/12/1989  23936    197  20750   2989    518  12509     36   3272     20   2131      0      0      0   0.00   0.00      0   0.00 19024.6  0.000    0.0  0.000      0      0     25      9    506      3.000   26.800  0.000
07/13/1989  25349    242  21416   3691    475  11699     41   3454     17   1991      0      0      0   0.00   0.00      0   0.00 18940.1  0.000    0.0  0.000      0      0      0      0      0      3.000   24.100  1.299
07/14/1989  25964    258  22126   3580    432  10924     44   3552     18   1952      0      0      0   0.00   0.00      0   0.00 18964.1  0.000    0.0  0.000      0      0     29     12    532      3.000   24.300  0.000
07/15/1989  27395    307  22793   4295    385  10202     47   3571     18   1947      0      0      0   0.00   0.00      0   0.00 18874.2  0.000    0.0  0.000      0      0      0      0      0      3.000   25.000  0.480
07/16/1989  28849    361  23418   5070    335   9525     47   3448     22   2048      0      0      0   0.00   0.00      0   0.00 18781.2  0.000    0.0  0.000      0      0      0      0      0      3.000   23.000  0.630
07/17/1989  30375    418  24091   5866    283   8773     48   3404     26   2088      0      0      0   0.00   0.00      0   0.00 18684.4  0.000    0.0  0.000      0      0      0      0      0      3.000   20.900  0.299
07/18/1989  31085    429  24754   5902    233   8010     46   3338     34   2216      0      0      0   0.00   0.00      0   0.00 18735.3  0.000   29.3  0.023      0      0     46     28    729      3.000   22.800  0.000
07/19/1989  30850    431  24482   5937    182   8130     47   3327     40   2356      0      0      0   0.00   0.00      0   0.00 18784.9  0.000   88.6  0.023      0      0     47     11    766      3.000   24.600  0.079
07/20/1989  30605    441  24187   5977    128   8194     50   3361     44   2472      0      0      0   0.00   0.00      0   0.00 18833.4  0.000  178.5  0.023      0      0     49     12    806      3.000   23.900  0.039
07/21/1989  29921    450  23785   5686     70   8221     58   3563     45   2512      0      0      0   0.00   0.00      0   0.00 18878.4  0.000  177.1  0.023      0      0     51     11    866      3.000   24.400  0.000
07/22/1989  29495    445  23305   5745     72   8356     67   3731     44   2503      0      0      0   0.00   0.00      0   0.00 18922.5  0.000  225.6  0.023      0      0      4     10    905      3.000   24.800  0.000
07/23/1989  29107    439  22879   5789     72   8479     77   3886     44   2535      0      0      0   0.00   0.00      0   0.00 18965.1  0.000  271.7  0.023      0      0      4     10    868      3.000   26.200  0.000
07/24/1989  28655    432  22420   5803     74   8625     85   4027     44   2578      0      0      0   0.00   0.00      0   0.00 18883.0  0.000    0.0  0.000      0      0      4     10    990      3.000   27.500  0.350
07/25/1989  28166    422  21893   5851     77   8764     93   4146     45   2611      0      0      0   0.00   0.00      0   0.00 18928.8  0.000  124.3  0.023      0      0      3     11    979      3.000   26.200  0.000
07/26/1989  27568    396  21276   5896     83   9008     99   4205     45   2625      0      0      0   0.00   0.00      0   0.00 18973.7  0.000  311.6  0.023      0      0      3     11   1045      3.000   26.600  0.150
07/27/1989  26983    368  20706   5909     91   9235    103   4249     44   2573      0      0      0   0.00   0.00      0   0.00 18901.8  0.000    0.0  0.000      0      0      3     12   1159      3.000   24.200  0.421
07/28/1989  26529    336  20254   5939    102   9404    104   4285     44   2580      0      0      0   0.00   0.00      0   0.00 18948.1  0.000  193.1  0.023      0      0      3     12    988      3.000   26.200  0.000
07/29/1989  24819    313  19849   4657    114   9523    104   4318     43   2537      0      0      0   0.00   0.00      0   0.00 18983.8  0.000    0.0  0.000      0      0      4     14    991      3.000   24.000  0.000
07/30/1989  24387    306  19348   4733    124   9638    103   4319     39   2457      0      0      0   0.00   0.00      0   0.00 19019.3  0.000    0.0  0.000      0      0      4     13   1075      3.000   24.300  0.000
07/31/1989  25123    302  18822   5999    133   9759    103   4330     35   2368      0      0      0   0.00   0.00      0   0.00 18953.9  0.000    0.0  0.000      0      0      0      0      0      3.000   25.800  0.752
08/01/1989  24645    292  18299   6054    139   9932    103   4277     35   2376      0      0      0   0.00   0.00      0   0.00 18999.6  0.000  625.6  0.023      0      0      7     13   1097      3.000   24.200  0.012
08/02/1989  24050    276  17703   6071    146  10118     98   4165     39   2450      0      0      0   0.00   0.00      0   0.00 18933.1  0.000    0.0  0.000      0      0      7     13   1245      3.000   23.400  0.358
08/03/1989  23272    232  16925   6115    153  10393     94   4073     42   2516      0      0      0   0.00   0.00      0   0.00 18981.2  0.000  940.0  0.023      0      0      7     11   1227      3.000   24.400  0.000
08/04/1989  22569    217  16209   6143    162  10553     93   4080     44   2577      0      0      0   0.00   0.00      0   0.00 19025.9  0.000 1882.3  0.023      0      0      5     13   1236      3.000   27.200  0.000
08/05/1989  21082    169  15489   5424    171  10751     92   4035     45   2652      0      0      0   0.00   0.00      0   0.00 19065.6  0.000 2805.2  0.023      0      0      5     13   1240      3.000   27.100  0.000
08/06/1989  18040    116  14778   3146    180  10882     92   4052     44   2678      0      0      0   0.00   0.00      0   0.00 19090.0  0.000 2998.5  0.023      0      0      4     13   1256      3.000   28.400  0.000
08/07/1989  17238     60  14010   3168    188  10922     93   4200     33   2427      0      0      0   0.00   0.00      0   0.00 19033.6  0.000  978.5  0.000      0      0      6     13   1446      3.000   26.400  0.319
08/08/1989  17952     55  13338   4559    196  10903     94   4319     22   2086      0      0      0   0.00   0.00      0   0.00 19059.9  0.000 1323.9  0.000      0      0      0      0      0      3.000   20.500  0.000
08/09/1989  18704     53  13599   5052    197  10902     97   4354     17   1884      0      0      0   0.00   0.00      0   0.00 19088.4  0.000 1836.3  0.000      0      0      0      0      0      3.000   20.600  0.031
08/10/1989  19532     52  13825   5655    197  10900     91   4177     20   1841      0      0      0   0.00   0.00      0   0.00 19042.3  0.000 1708.3  0.000      0      0      0      0      0      3.000   16.600  0.669
08/11/1989  20284     54  14105   6085    197  10907     81   3889     26   1957      0      0      0   0.00   0.00      0   0.00 19077.6  0.000 2538.3  0.000      0      0      0      0      0      3.000   18.000  0.000
08/12/1989  21033     69  14409   6309    196  10976     75   3661     30   2044      0      0      0   0.00   0.00      0   0.00 19113.0  0.000 3396.2  0.000      0      0      0      0      0      3.000   20.300  0.000
08/13/1989  21806     84  14729   6541    195  11017     69   3366     37   2292      0      0      0   0.00   0.00      0   0.00 19148.2  0.000 4303.5  0.000      0      0      0      0      0      3.000   23.400  0.000
08/14/1989  22593     99  15069   6777    196  11007     63   3168     42   2468      0      0      0   0.00   0.00      0   0.00 19183.4  0.000 5275.3  0.000      0      0      0      0      0      3.000   22.300  0.161
08/15/1989  23361    113  15371   7008    197  10792     60   3278     47   2613      0      0      0   0.00   0.00      0   0.00 19218.2  0.000 6278.6  0.000      0      0      0      0      0      3.000   23.600  0.000
08/16/1989  24119    128  15699   7235    195  10478     62   3572     50   2706      0      0      0   0.00   0.00      0   0.00 19252.7  0.000 7305.3  0.000      0      0      0      0      0      3.000   24.600  0.130
08/17/1989  24967    143  15930   7490    185  10318     72   3752     54   2811      0      0      0   0.00   0.00      0   0.00 19180.0  0.000 4448.3  0.000      0      0      0      0      0      3.000   24.200  2.512
08/18/1989  25742    158  16154   7722    174  10053     85   4050     56   2863      0      0      0   0.00   0.00      0   0.00 19218.6  0.000 5519.9  0.000      0      0      0      0      0      3.000   23.000  0.189
08/19/1989  26476    173  16276   7942    167   9898     95   4321     58   2883      0      0      0   0.00   0.00      0   0.00 19256.5  0.000 6584.8  0.000      0      0      0      0      0      3.000   22.600  0.000
08/20/1989  25846    186  16325   7753    161   9905    106   4519     61   2978      0      0      0   0.00   0.00      0   0.00 19291.6  0.000 7624.1  0.000      0      0      0      0      0      3.000   25.100  0.000
08/21/1989  26496    195  16368   7948    156   9977    115   4621     64   3068      0      0      0   0.00   0.00      0   0.00 19326.0  0.000 8659.5  0.000      0      0      0      0      0      3.000   26.100  0.000
08/22/1989  27209    208  16509   8162    154   9990    123   4736     67   3188      0      0      0   0.00   0.00      0   0.00 19359.6  0.000 9692.4  0.000      0      0      0      0      0      3.000   26.900  0.000
08/23/1989  27905    217  16670   8371    159  10068    130   4884     70   3267      0      0      0   0.00   0.00      0   0.00 19392.3  0.000 10716.2  0.000      0      0      0      0      0      3.000   28.000  0.051
08/24/1989  28764    227  16930   8629    163  10167    137   4983     73   3332      0      0      0   0.00   0.00      0   0.00 19311.8  0.000 7245.8  0.000      0      0      0      0      0      3.000   26.100  0.630
08/25/1989  29537    240  17171   8861    166  10224    143   5113     74   3317      0      0      0   0.00   0.00      0   0.00 19349.1  0.000 8302.0  0.000      0      0      0      0      0      3.000   23.700  0.012
08/26/1989  30287    253  17412   9086    170  10279    150   5288     73   3236      0      0      0   0.00   0.00      0   0.00 19385.3  0.000 9369.1  0.000      0      0      0      0      0      3.000   22.300  0.000
08/27/1989  29701    266  17599   8910    175  10372    156   5432     73   3189      0      0      0   0.00   0.00      0   0.00 19418.8  0.000 10419.4  0.000      0      0      0      0      0      3.000   22.300  0.000
08/28/1989  29183    281  17549   8754    178  10775    161   5452     74   3234      0      0      0   0.00   0.00      0   0.00 19450.0  0.000 11453.7  0.000      0      0      0      0      0      3.000   25.200  0.012
08/29/1989  29191    290  17308   8757    183  11261    165   5456     73   3281      0      0      0   0.00   0.00      0   0.00 19479.5  0.000 12463.7  0.000      0      0      0      0      0      3.000   25.400  0.000
08/30/1989  29340    294  17140   8802    192  11676    168   5433     72   3343      0      0      0   0.00   0.00      0   0.00 19507.5  0.000 13463.3  0.000      0      0      0      0      0      3.000   26.700  0.000
08/31/1989  29400    288  16918   8820    209  12201    171   5419     69   3278      0      0      0   0.00   0.00      0   0.00 19534.2  0.000 14456.2  0.000      0      0      0      0      0      3.000   23.600  0.000
09/01/1989  29522    278  16753   8856    228  12636    171   5405     69   3242      0      0      0   0.00   0.00      0   0.00 19559.5  0.000 15443.1  0.000      0      0      0      0      0      3.000   24.000  0.000
09/02/1989  29712    271  16681   8913    245  12949    170   5459     69   3223      0      0      0   0.00   0.00      0   0.00 19583.6  0.000 16434.6  0.000      0      0      0      0      0      3.000   25.900  0.000
09/03/1989  29411    264  16675   8823    262  13145    167   5461     69   3178      0      0      0   0.00   0.00      0   0.00 19606.1  0.000 17421.8  0.000      0      0      0      0      0      3.000   22.100  0.000
09/04/1989  29611    259  16643   8883    276  13357    166   5458     66   3070      0      0      0   0.00   0.00      0   0.00 19627.6  0.000 18400.9  0.000      0      0      0      0      0      3.000   20.800  0.000
09/05/1989  29804    257  16683   8941    288  13570    166   5448     62   2895      0      0      0   0.00   0.00      0   0.00 19648.0  0.000 19386.2  0.000      0      0      0      0      0      3.000   20.200  0.039
09/06/1989  30048    257  16756   9014    298  13720    163   5358     61   2892      0      0      0   0.00   0.00      0   0.00 19667.5  0.000 20376.0  0.000      0      0      0      0      0      3.000   22.900  0.000
09/07/1989  30266    257  16881   9079    308  13889    158   5185     62   2915      0      0      0   0.00   0.00      0   0.00 19686.0  0.000 21408.5  0.000      0      0      0      0      0      3.000   22.100  0.000
09/08/1989  30526    259  16966   9157    314  13985    155   5065     63   2973      0      0      0   0.00   0.00      0   0.00 19703.6  0.000 22468.3  0.000      0      0      0      0      0      3.000   22.900  0.000
09/09/1989  30242    262  17102   9072    320  14079    152   5008     63   2994      0      0      0   0.00   0.00      0   0.00 19720.1  0.000 23535.6  0.000      0      0      0      0      0      3.000   24.500  0.000
09/10/1989  30640    267  17402   9192    323  14134    151   4877     63   3054      0      0      0   0.00   0.00      0   0.00 19735.8  0.000 24664.1  0.000      0      0      0      0      0      3.000   26.000  0.000
09/11/1989  31030    271  17666   9309    327  14095    149   4860     63   3105      0      0      0   0.00   0.00      0   0.00 19750.8  0.000 25844.2  0.000      0      0      0      0      0      3.000   26.600  0.000
09/12/1989  31436    277  17914   9430    331  13961    146   4932     61   3072      0      0      0   0.00   0.00      0   0.00 19765.2  0.000 27053.8  0.000      0      0      0      0      0      3.000   24.700  0.020
09/13/1989  31880    289  18219   9564    331  13762    145   5036     59   3016      0      0      0   0.00   0.00      0   0.00 19778.9  0.000 28288.4  0.000      0      0      0      0      0      3.000   24.500  0.000
09/14/1989  32201    300  18482   9660    329  13655    146   5073     56   2941      0      0      0   0.00   0.00      0   0.00 19792.0  0.000 29557.8  0.000      0      0      0      0      0      3.000   24.200  0.031
09/15/1989  33283    309  18654   9984    326  13559    145   5089     55   2918      0      0      0   0.00   0.00      0   0.00 19697.4  0.000 25632.9  0.000      0      0      0      0      0      3.000   24.800  0.272
09/16/1989  33504    320  18803  10051    322  13499    143   5079     55   2907      0      0      0   0.00   0.00      0   0.00 19716.0  0.000 26932.7  0.000      0      0      0      0      0      3.000   24.400  0.098
09/17/1989  33751    331  18993  10125    318  13460    140   5020     54   2858      0      0      0   0.00   0.00      0   0.00 19733.5  0.000 28211.4  0.000      0      0      0      0      0      3.000   22.600  0.000
09/18/1989  34035    339  19461  10210    315  13379    137   4953     52   2721      0      0      0   0.00   0.00      0   0.00 19750.1  0.000 29496.7  0.000      0      0      0      0      0      3.000   19.800  0.000
09/19/1989  34310    348  19998  10293    312  13323    135   4881     47   2537      0      0      0   0.00   0.00      0   0.00 19765.8  0.000 30818.9  0.000      0      0      0      0      0      3.000   18.600  0.051
09/20/1989  35449    360  20452  10634    308  13189    131   4806     46   2472      0      0      0   0.00   0.00      0   0.00 19665.5  0.000 26596.6  0.000      0      0      0      0      0      3.000   21.700  1.059
09/21/1989  35661    380  20898  10698    304  13117    126   4658     47   2584      0      0      0   0.00   0.00      0   0.00 19687.3  0.000 27950.3  0.000      0      0      0      0      0      3.000   25.700  0.161
09/22/1989  36742    399  21283  11022    300  13022    121   4477     50   2725      0      0      0   0.00   0.00      0   0.00 19585.2  0.000 23565.5  0.000      0      0      0      0      0      3.000   25.700  0.449
09/23/1989  36981    415  21631  11094    295  12884    118   4360     49   2708      0      0      0   0.00   0.00      0   0.00 19613.4  0.000 24962.3  0.000      0      0      0      0      0      3.000   21.500  0.079
09/24/1989  37138    429  21784  11141    291  12846    117   4335     42   2346      0      0      0   0.00   0.00      0   0.00 19639.9  0.000 29071.6  0.000      0      0      0      0      0      3.000   13.300  0.000
09/25/1989  38105    442  21885  11431    286  12810    116   4344     35   2007      0      0      0   0.00   0.00      0   0.00 19536.6  0.000 28863.1  0.000      0      0      0      0      0      3.000   13.700  1.079
09/26/1989  38175    454  21913  11452    281  12710    112   4347     33   1924      0      0      0   0.00   0.00      0   0.00 19569.2  0.000 30288.2  0.000      0      0      0      0      0      3.000   19.100  0.031
09/27/1989  38354    461  21970  11506    276  12491    105   4144     34   1961      0      0      0   0.00   0.00      0   0.00 19599.7  0.000 34533.5  0.000      0      0      0      0      0      3.000   14.900  0.000
09/28/1989  38464    466  21989  11539    272  12367     99   3879     34   1977      0      0      0   0.00   0.00      0   0.00 19628.1  0.000 38791.1  0.000      0      0      0      0      0      3.000   14.600  0.000
09/29/1989  38626    469  22023  11587    266  12321     98   3687     32   1940      0      0      0   0.00   0.00      0   0.00 19654.6  0.000 40186.1  0.000      0      0      0      0      0      3.000   18.800  0.000
09/30/1989  39655    472  22081  11896    261  12222     93   3380     32   1993      0      0      0   0.00   0.00      0   0.00 19544.5  0.000 39971.5  0.000      0      0      0      0      0      3.000   17.500  0.591
10/01/1989  40694    474  22065  12208    257  12021     86   3148     33   2085      0      0      0   0.00   0.00      0   0.00 19441.1  0.000 35073.4  0.000      0      0      0      0      0      3.000   18.300  1.598
10/02/1989  40985    476  22060  12295    253  11562     80   3281     35   2176      0      0      0   0.00   0.00      0   0.00 19483.4  0.000 36560.8  0.000      0      0      0      0      0      3.000   22.800  0.169
10/03/1989  41196    477  21965  12358    247  11157     76   3366     36   2289      0      0      0   0.00   0.00      0   0.00 19522.8  0.000 38035.8  0.000      0      0      0      0      0      3.000   22.200  0.000
10/04/1989  41336    476  21814  12400    236  10929     77   3309     35   2210      0      0      0   0.00   0.00      0   0.00 19559.1  0.000 42614.4  0.000      0      0      0      0      0      3.000   15.900  0.000
10/05/1989  41475    475  21669  12442    225  10582     80   3496     30   1954      0      0      0   0.00   0.00      0   0.00 19592.7  0.000 47208.8  0.000      0      0      0      0      0      3.000   13.900  0.000
10/06/1989  40691    471  21566  12207    219  10216     79   3678     29   1893      0      0      0   0.00   0.00      0   0.00 19623.3  0.000 48668.0  0.000      0      0      0      0      0      3.000   20.700  0.000
10/07/1989  40753    465  21485  12225    211   9962     78   3579     29   1924      0      0      0   0.00   0.00      0   0.00 19651.7  0.000 50131.8  0.000      0      0      0      0      0      3.000   18.300  0.000
10/08/1989  40789    458  21338  12236    203   9717     76   3457     27   1847      0      0      0   0.00   0.00      0   0.00 19677.8  0.000 54649.3  0.000      0      0      0      0      0      3.000   12.300  0.000
10/09/1989  40966    452  21053  12289    196   9580     76   3486     21   1504      0      0      0   0.00   0.00      0   0.00 19702.1  0.000 59186.5  0.000      0      0      0      0      0      3.000    9.600  0.000
10/10/1989  40513    447  20741  12153    188   9601     75   3327     16   1285      0      0      0   0.00   0.00      0   0.00 19724.3  0.000 63673.1  0.000      0      0      0      0      0      3.000   11.200  0.000
10/11/1989  40074    439  20467  12022    182   9534     70   3015     17   1332      0      0      0   0.00   0.00      0   0.00 19744.6  0.000 68110.8  0.000      0      0      0      0      0      3.000   14.700  0.000
10/12/1989  40250    430  20359  12075    179   9206     62   2780     19   1518      0      0      0   0.00   0.00      0   0.00 19763.5  0.000 72568.2  0.000      0      0      0      0      0      3.000   17.000  0.000
10/13/1989  39460    421  20224  11838    177   8830     55   2658     22   1695      0      0      0   0.00   0.00      0   0.00 19780.7  0.000 73955.7  0.000      0      0      0      0      0      3.000   19.000  0.000
10/14/1989  39383    413  19952  11814    171   8719     52   2454     22   1770      0      0      0   0.00   0.00      0   0.00 19796.7  0.000 75334.9  0.000      0      0      0      0      0      3.000   19.400  0.000
10/15/1989  39013    408  19527  11703    162   8784     51   2374     22   1808      0      0      0   0.00   0.00      0   0.00 19811.4  0.000 76695.6  0.000      0      0      0      0      0      3.000   20.300  0.000
10/16/1989  38637    402  19161  11591    156   8670     48   2506     21   1830      0      0      0   0.00   0.00      0   0.00 19824.9  0.000 78026.5  0.000      0      0      0      0      0      3.000   22.100  0.000
10/17/1989  36403    393  18981  10920    151   8299     45   2720     21   1852      0      0      0   0.00   0.00      0   0.00 19836.7  0.000 79303.0  0.000      0      0      0      0      0      3.000   22.300  0.020
10/18/1989  37011    381  18596  11103    147   8108     46   2897     19   1795      0      0      0   0.00   0.00      0   0.00 19747.6  0.000 74743.1  0.000      0      0      0      0      0      3.000   20.200  0.941
10/19/1989  37605    371  18223  11281    142   8025     48   3004     16   1569      0      0      0   0.00   0.00      0   0.00 19637.4  0.000 74536.6  0.000      0      0      0      0      0      3.000   13.200  0.709
10/20/1989  38314    364  17948  11494    134   7877     50   3054     11   1236      0      0      0   0.00   0.00      0   0.00 19523.9  0.000 74327.2  0.000      0      0      0      0      0      3.000    8.700  0.000
10/21/1989  37930    354  17595  11379    130   7810     48   2997      8    974      0      0      0   0.00   0.00      0   0.00 19557.0  0.000 78525.2  0.000      0      0      0      0      0      3.000    8.800  0.000
10/22/1989  37527    343  17254  11258    127   7710     45   2803      7    904      0      0      0   0.00   0.00      0   0.00 19587.5  0.000 82678.1  0.000      0      0      0      0      0      3.000   10.800  0.000
10/23/1989  37192    333  17019  11157    124   7509     39   2482      8    955      0      0      0   0.00   0.00      0   0.00 19615.6  0.000 86793.4  0.000      0      0      0      0      0      3.000   11.300  0.000
10/24/1989  36856    323  16812  11056    120   7351     34   2141      9   1006      0      0      0   0.00   0.00      0   0.00 19641.6  0.000 90871.0  0.000      0      0      0      0      0      3.000   11.700  0.000
10/25/1989  36390    313  16448  10917    116   7352     30   1855      9   1037      0      0      0   0.00   0.00      0   0.00 19665.4  0.000 94896.8  0.000      0      0      0      0      0      3.000   13.200  0.000
10/26/1989  35882    305  16032  10764    110   7350     26   1642      9   1070      0      0      0   0.00   0.00      0   0.00 19687.4  0.000 98865.6  0.000      0      0      0      0      0      3.000   13.900  0.000
10/27/1989  35535    298  15787  10660    105   7027     22   1578      9   1106      0      0      0   0.00   0.00      0   0.00 19707.8  0.000 102795.7  0.000      0      0      0      0      0      3.000   14.600  0.000
10/28/1989  35056    289  15465  10516    100   6664     20   1656      8   1101      0      0      0   0.00   0.00      0   0.00 19726.5  0.000 106672.1  0.000      0      0      0      0      0      3.000   14.200  0.000
10/29/1989  34422    279  15021  10326     96   6477     19   1738      8   1117      0      0      0   0.00   0.00      0   0.00 19743.7  0.000 110477.8  0.000      0      0      0      0      0      3.000   16.200  0.000
10/30/1989  33670    272  14570  10101     87   6427     20   1780      8   1139      0      0      0   0.00   0.00      0   0.00 19759.5  0.000 114199.6  0.000      0      0      0      0      0      3.000   17.400  0.000
10/31/1989  33037    263  14213   9911     79   6334     20   1802      9   1187      0      0      0   0.00   0.00      0   0.00 19774.3  0.000 114293.0  0.000      0      0      0      0      0      3.000   18.800  0.000
11/01/1989  32467    252  13881   9740     76   6151     20   1849      8   1136      0      0      0   0.00   0.00      0   0.00 19787.7  0.000 114600.3  0.000      0      0      0      0      0      3.000   14.900  0.000
11/02/1989  33005    241  13504   9901     74   5946     20   1882      6    999      0      0      0   0.00   0.00      0   0.00 19685.1  0.000 114412.6  0.000      0      0      0      0      0      3.000   11.200  1.110
11/03/1989  32477    232  13183   9743     72   5709     20   1919      4    831      0      0      0   0.00   0.00      0   0.00 19703.8  0.000 114716.5  0.000      0      0      0      0      0      3.000   10.200  0.012
11/04/1989  33045    223  12943   9913     68   5487     19   1879      2    676      0      0      0   0.00   0.00      0   0.00 19721.7  0.000 115251.6  0.000      0      0      0      0      0      3.000    7.500  0.000
11/05/1989  31668    213  12966   9500     64   5239     17   1780      2    655      0      0      0   0.00   0.00      0   0.00 19737.8  0.000 115524.4  0.000      0      0      0      0      0      3.000   10.700  0.000
11/06/1989  28379    204  13006   8513     59   4996     15   1633      2    701      0      0      0   0.00   0.00      0   0.00 19751.4  0.000 115761.7  0.000      0      0      0      0      0      3.000   14.200  0.000
11/07/1989  27952    196  12871   8385     54   4774     13   1416      3    806      0      0      0   0.00   0.00      0   0.00 19764.1  0.000 115989.6  0.000      0      0      0      0      0      3.000   16.000  0.000
11/08/1989  28481    193  12800   8544     50   4631     11   1248      3    871      0      0      0   0.00   0.00      0   0.00 19697.2  0.000 112454.2  0.000      0      0      0      0      0      3.000   18.300  0.201
11/09/1989  28862    190  12598   8658     46   4563      9   1198      2    885      0      0      0   0.00   0.00      0   0.00 19630.1  0.000 108893.4  0.000      0      0      0      0      0      3.000   18.100  0.618
11/10/1989  28095    184  12167   8428     42   4537      7   1223      1    800      0      0      0   0.00   0.00      0   0.00 19649.1  0.000 111992.7  0.000      0      0      0      0      0      3.000   10.900  0.000
11/11/1989  27326    178  11781   8197     39   4488      6   1288      0    706      0      0      0   0.00   0.00      0   0.00 19666.6  0.000 115006.1  0.000      0      0      0      0      0      3.000   12.000  0.000
11/12/1989  26652    172  11417   7995     36   4335      5   1407      0    668      0      0      0   0.00   0.00      0   0.00 19682.9  0.000 115241.0  0.000      0      0      0      0      0      3.000   16.700  0.000
11/13/1989  25992    163  10946   7797     35   4237      4   1368      0    730      0      0      0   0.00   0.00      0   0.00 19697.9  0.000 115464.7  0.000      0      0      0      0      0      3.000   17.600  0.000
11/14/1989  25349    154  10498   7604     33   4183      4   1293      0    787      0      0      0   0.00   0.00      0   0.00 19712.2  0.000 115525.7  0.000      0      0      0      0      0      3.000   18.800  0.059
11/15/1989  25686    146  10244   7705     31   4104      3   1269      0    773      0      0      0   0.00   0.00      0   0.00 19631.5  0.000 115369.4  0.000      0      0      0      0      0      3.000   17.600  0.531
11/16/1989  25072    136  10062   7521     29   4038      2   1227      0    710      0      0      0   0.00   0.00      0   0.00 19648.4  0.000 115582.2  0.000      0      0      0      0      0      3.000   13.400  0.189
11/17/1989  25419    127   9711   7625     27   3962      1   1195      0    510      0      0      0   0.00   0.00      0   0.00 19567.6  0.000 115418.7  0.000      0      0      0      0      0      3.000    3.800  0.000
11/18/1989  25751    120   9421   7725     25   3803      0   1242      0    358      0      0      0   0.00   0.00      0   0.00 19484.9  0.000 115254.1  0.000      0      0      0      0      0      3.000    5.800  0.000
11/19/1989  26112    115   9332   7833     22   3627      0   1231      0    228      0      0      0   0.00   0.00      0   0.00 19400.6  0.000 115088.3  0.000      0      0      0      0      0      3.000    4.100  0.000
11/20/1989  25530    107   9346   7659     19   3491      0   1037      0    325      0      0      0   0.00   0.00      0   0.00 19428.5  0.000 115311.4  0.000      0      0      0      0      0      3.000   11.500  0.000
11/21/1989  25909     99   9323   7772     17   3346      0    870      0    373      0      0      0   0.00   0.00      0   0.00 19455.5  0.000 115532.7  0.000      0      0      0      0      0      3.000   10.200  0.000
11/22/1989  26221     96   9136   7866     14   3278      0    672      0    334      0      0      0   0.00   0.00      0   0.00 19369.7  0.000 115366.6  0.000      0      0      0      0      0      3.000    1.600  0.839
11/23/1989  26459     94   8827   7937     11   3265      0    589      0    191      0      0      0   0.00   0.00      0   0.00 19282.3  0.000 115199.6  0.000      0      0      0      0      0      3.000    1.000  0.382
11/24/1989  26675     92   8459   8002      8   3225      0    533      0     49      0      0      0   0.00   0.00      0   0.00 19193.2  0.000 115032.0  0.000      0      0      0      0      0      3.000   -0.400  0.000
11/25/1989  26829     87   8042   8048      6   3112      0    496      0     91      0      0      0   0.00   0.00      0   0.00 19102.7  0.000 114863.8  0.000      0      0      0      0      0      3.000    4.900  0.000
11/26/1989  25340     81   7674   7602      5   2968      0    422      0    229      0      0      0   0.00   0.00      0   0.00 19144.0  0.000 115090.2  0.000      0      0      0      0      0      3.000   12.900  0.000
11/27/1989  24837     74   7330   7451      4   2752      0    354      0    369      0      0      0   0.00   0.00      0   0.00 19182.6  0.000 115307.2  0.000      0      0      0      0      0      3.000   11.600  0.000
11/28/1989  23350     67   6996   7005      4   2631      0    262      0    473      0      0      0   0.00   0.00      0   0.00 19217.3  0.000 115506.5  0.000      0      0      0      0      0      3.000   16.000  0.000
11/29/1989  23628     61   6750   7088      3   2470      0    278      0    400      0      0      0   0.00   0.00      0   0.00 19136.6  0.000 115349.1  0.000      0      0      0      0      0      3.000    7.000  0.000
11/30/1989  23900     55   6646   7170      2   2201      0    389      0    315      0      0      0   0.00   0.00      0   0.00 19054.8  0.000 115190.7  0.000      0      0      0      0      0      3.000    4.300  0.000
12/01/1989  24073     49   6560   7221      1   2022      0    544      0    214      0      0      0   0.00   0.00      0   0.00 19096.1  0.000 115560.8  0.000      0      0      0      0      0      3.000    6.200  0.000
12/02/1989  24258     45   6482   7277      0   1813      0    629      0    201      0      0      0   0.00   0.00      0   0.00 19135.9  0.000 115919.6  0.000      0      0      0      0      0      3.000    6.100  0.000
12/03/1989  24494     41   6410   7348      0   1624      0    613      0    168      0      0      0   0.00   0.00      0   0.00 19051.4  0.000 115759.2  0.000      0      0      0      0      0      3.000    1.500  0.000
12/04/1989  24733     39   6335   7419      0   1521      0    529      0    113      0      0      0   0.00   0.00      0   0.00 18965.8  0.000 115598.1  0.000      0      0      0      0      0      3.000    1.300  0.000
12/05/1989  24977     37   6263   7493      0   1395      0    461      0    126      0      0      0   0.00   0.00      0   0.00 19012.6  0.000 115966.3  0.000      0      0      0      0      0      3.000    7.800  0.000
12/06/1989  22391     34   6146   6717      0   1324      0    308      0    228      0      0      0   0.00   0.00      0   0.00 19052.7  0.000 116144.3  0.000      0      0      0      0      0      3.000   12.600  0.000
12/07/1989  20648     31   5975   6194      0   1211      0    242      0    307      0      0      0   0.00   0.00      0   0.00 19088.2  0.000 116305.1  0.000      0      0      0      0      0      3.000   10.200  0.110
12/08/1989  20692     28   5667   6207      0   1200      0    272      0    228      0      0      0   0.00   0.00      0   0.00 19017.1  0.000 116158.2  0.000      0      0      0      0      0      3.000    0.300  1.280
12/09/1989  20764     25   5403   6229      0   1180      0    322      0    104      0      0      0   0.00   0.00      0   0.00 18945.2  0.000 116011.0  0.000      0      0      0      0      0      3.000   -3.000  0.630
12/10/1989  20810     22   5086   6243      0   1184      0    348      0      6      0      0      0   0.00   0.00      0   0.00 18872.5  0.000 115863.7  0.000      0      0      0      0      0      3.000   -0.800  0.000
12/11/1989  20950     19   4853   6285      0   1043      0    332      0     28      0      0      0   0.00   0.00      0   0.00 18798.8  0.000 115715.8  0.000      0      0      0      0      0      3.000    2.600  0.000
12/12/1989  21070     17   4589   6321      0    920      0    313      0     51      0      0      0   0.00   0.00      0   0.00 18724.0  0.000 115567.5  0.000      0      0      0      0      0      3.000    2.100  0.469
12/13/1989  21076     14   4284   6322      0    976      0    228      0     57      0      0      0   0.00   0.00      0   0.00 18648.6  0.000 115419.2  0.000      0      0      0      0      0      3.000    0.300  0.079
12/14/1989  21073     11   4045   6321      0   1080      0    132      0     46      0      0      0   0.00   0.00      0   0.00 18572.5  0.000 115270.9  0.000      0      0      0      0      0      3.000    1.500  0.000
12/15/1989  21049      8   3807   6314      0   1178      0     57      0     71      0      0      0   0.00   0.00      0   0.00 18496.0  0.000 115122.7  0.000      0      0      0      0      0      3.000    5.000  0.000
12/16/1989  21097      6   3699   6329      0   1113      0     57      0     65      0      0      0   0.00   0.00      0   0.00 18419.1  0.000 114974.3  0.000      0      0      0      0      0      3.000   -4.300  0.000
12/17/1989  21233      5   3619   6369      0    955      0     74      0     48      0      0      0   0.00   0.00      0   0.00 18341.5  0.000 114825.4  0.000      0      0      0      0      0      3.000   -4.800  0.000
12/18/1989  21351      4   3475   6405      0    815      0    122      0      0      0      0      0   0.00   0.00      0   0.00 18263.2  0.000 114676.1  0.000      0      0      0      0      0      3.000   -1.100  0.000
12/19/1989  21505      4   3366   6451      0    668      0     94      0      0      0      0      0   0.00   0.00      0   0.00 18184.0  0.000 114526.2  0.000      0      0      0      0      0      3.000   -2.400  0.161
12/20/1989  21568      3   3148   6470      0    606      0     71      0      0      0      0      0   0.00   0.00      0   0.00 18104.1  0.000 114376.1  0.000      0      0      0      0      0      3.000   -2.400  0.000
12/21/1989  21600      2   2905   6480      0    557      0     65      0      0      0      0      0   0.00   0.00      0   0.00 18023.5  0.000 114225.8  0.000      0      0      0      0      0      3.000   -1.000  0.000
12/22/1989  21651      1   2780   6495      0    500      0     48      0      0      0      0      0   0.00   0.00      0   0.00 17942.6  0.000 114075.4  0.000      0      0      0      0      0      3.000   -8.700  0.000
12/23/1989  21700      0   2643   6510      0    476      0      0      0      0      0      0      0   0.00   0.00      0   0.00 17861.0  0.000 113924.8  0.000      0      0      0      0      0      3.000   -8.800  0.000
12/24/1989  21700      0   2405   6510      0    454      0      0      0      0      0      0      0   0.00   0.00      0   0.00 17779.0  0.000 113774.3  0.000      0      0      0      0      0      3.000   -6.700  0.000
12/25/1989  21697      0   2163   6509      0    435      0      0      0      0      0      0      0   0.00   0.00      0   0.00 17696.6  0.000 113623.7  0.000      0      0      0      0      0      3.000   -4.500  0.000
12/26/1989  21760      0   1982   6528      0    350      0      0      0     16      0      0      0   0.00   0.00      0   0.00 17613.5  0.000 113472.9  0.000      0      0      0      0      0      3.000    1.300  0.000
12/27/1989  21861      0   1860   6558      0    226      0      0      0     16      0      0      0   0.00   0.00      0   0.00 17529.8  0.000 113321.7  0.000      0      0      0      0      0      3.000   -2.000  0.000
12/28/1989  21936      0   1760   6580      0    128      0      0      0     44      0      0      0   0.00   0.00      0   0.00 17445.6  0.000 113170.3  0.000      0      0      0      0      0      3.000    2.600  0.000
12/29/1989  21919      0   1700   6575      0    122      0     16      0     90      0      0      0   0.00   0.00      0   0.00 17361.3  0.000 113018.9  0.000      0      0      0      0      0      3.000    6.400  0.000
12/30/1989  21230      0   1606   6369      0    122      0     16      0    192      0      0      0   0.00   0.00      0   0.00 18124.0  0.000 113242.6  0.000      0      0      0      0      0      3.000   11.300  0.000
12/31/1989  21207      0   1538   6362      0    122      0     44      0    288      0      0      0   0.00   0.00      0   0.00 18042.3  0.000 113106.7  0.000      0      0      0      0      0      3.000   14.500  0.280
01/01/1990  21212      0   1403   6363      0     94      0    106      0    294      0      0      0   0.00   0.00      0   0.00 17960.2  0.000 112957.9  0.000      0      0      0      0      0      3.000    7.000  0.130
01/02/1990  21212      0   1284   6363      0     71      0    208      0    211      0      0      0   0.00   0.00      0   0.00 17877.9  0.000 112809.1  0.000      0      0      0      0      0      3.000    1.500  0.000
01/03/1990  21195      0   1261   6358      0     81      0    316      0    157      0      0      0   0.00   0.00      0   0.00 18638.7  0.000 113213.1  0.000      0      0      0      0      0      3.000    6.900  0.000
01/04/1990  19927      0   1258   5978      0     64      0    384      0    210      0      0      0   0.00   0.00      0   0.00 18687.5  0.000 113419.6  0.000      0      0      0      0      0      3.000   13.100  0.000
01/05/1990  19199      0   1306   5759      0     44      0    375      0    304      0      0      0   0.00   0.00      0   0.00 18732.7  0.000 113614.9  0.000      0      0      0      0      0      3.000   12.100  0.051
01/06/1990  19176      0   1235   5752      0    106      0    383      0    330      0      0      0   0.00   0.00      0   0.00 18658.5  0.000 113488.6  0.000      0      0      0      0      0      3.000    9.800  0.311
01/07/1990  19153      0   1077   5745      0    208      0    402      0    277      0      0      0   0.00   0.00      0   0.00 18583.8  0.000 113347.5  0.000      0      0      0      0      0      3.000    6.500  0.059
01/08/1990  19130      0    937   5739      0    332      0    391      0    218      0      0      0   0.00   0.00      0   0.00 18509.0  0.000 113206.5  0.000      0      0      0      0      0      3.000    4.800  0.500
01/09/1990  19107      0    762   5732      0    400      0    419      0    183      0      0      0   0.00   0.00      0   0.00 18433.9  0.000 113065.5  0.000      0      0      0      0      0      3.000    5.400  0.000
01/10/1990  19084      0    677   5725      0    419      0    468      0    198      0      0      0   0.00   0.00      0   0.00 18487.4  0.000 113421.0  0.000      0      0      0      0      0      3.000    7.500  0.000
01/11/1990  15429      0    622   4628      0    489      0    452      0    237      0      0      0   0.00   0.00      0   0.00 18529.3  0.000 113698.7  0.000      0      0      0      0      0      3.000    8.400  0.000
01/12/1990  15407      0    548   4622      0    610      0    392      0    253      0      0      0   0.00   0.00      0   0.00 18468.8  0.000 113572.7  0.000      0      0      0      0      0      3.000    7.100  0.000
01/13/1990  15385      0    476   4615      0    723      0    362      0    187      0      0      0   0.00   0.00      0   0.00 18408.2  0.000 113446.8  0.000      0      0      0      0      0      3.000    1.200  0.000
01/14/1990  15363      0    454   4608      0    819      0    359      0    135      0      0      0   0.00   0.00      0   0.00 18347.8  0.000 113320.9  0.000      0      0      0      0      0      3.000    3.300  0.000
01/15/1990  12777      0    435   3833      0    887      0    368      0    168      0      0      0   0.00   0.00      0   0.00 18385.7  0.000 113451.3  0.000      0      0      0      0      0      3.000   10.000  0.000
01/16/1990  12394      0    366   3718      0    925      0    331      0    274      0      0      0   0.00   0.00      0   0.00 18421.6  0.000 113576.3  0.000      0      0      0      0      0      3.000   12.000  0.000
01/17/1990  11819      0    242   3545      0    986      0    311      0    374      0      0      0   0.00   0.00      0   0.00 18455.0  0.000 113694.2  0.000      0      0      0      0      0      3.000   14.100  0.000
01/18/1990  11250      0    172   3375      0   1041      0    338      0    416      0      0      0   0.00   0.00      0   0.00 18486.1  0.000 113805.1  0.000      0      0      0      0      0      3.000   15.300  0.000
01/19/1990  11291      0    228   3387      0   1072      0    368      0    406      0      0      0   0.00   0.00      0   0.00 18441.2  0.000 113719.3  0.000      0      0      0      0      0      3.000   10.500  0.000
01/20/1990  11372      0    330   3411      0   1047      0    432      0    369      0      0      0   0.00   0.00      0   0.00 18395.8  0.000 113633.1  0.000      0      0      0      0      0      3.000    9.200  0.000
01/21/1990  11475      0    454   3442      0    940      0    567      0    376      0      0      0   0.00   0.00      0   0.00 18351.4  0.000 113546.3  0.000      0      0      0      0      0      3.000   15.100  0.902
01/22/1990  11522      0    494   3456      0    913      0    639      0    370      0      0      0   0.00   0.00      0   0.00 18385.4  0.000 113661.4  0.000      0      0      0      0      0      3.000    9.000  0.000
01/23/1990   9157      0    490   2747      0   1004      0    633      0    383      0      0      0   0.00   0.00      0   0.00 18411.9  0.000 113751.7  0.000      0      0      0      0      0      3.000    9.600  0.000
01/24/1990   9208      0    554   2762      0   1057      0    669      0    337      0      0      0   0.00   0.00      0   0.00 18376.0  0.000 113677.8  0.000      0      0      0      0      0      3.000   10.100  0.051
01/25/1990   9310      0    658   2793      0   1077      0    635      0    400      0      0      0   0.00   0.00      0   0.00 18339.7  0.000 113603.2  0.000      0      0      0      0      0      3.000   16.200  0.390
01/26/1990   9404      0    723   2821      0   1116      0    600      0    355      0      0      0   0.00   0.00      0   0.00 18304.1  0.000 113505.7  0.000      0      0      0      0      0      3.000    5.600  0.409
01/27/1990   9481      0    819   2844      0   1133      0    600      0    310      0      0      0   0.00   0.00      0   0.00 18268.4  0.000 113407.8  0.000      0      0      0      0      0      3.000    5.000  0.000
01/28/1990   9297      0    887   2789      0   1169      0    666      0    251      0      0      0   0.00   0.00      0   0.00 18297.3  0.000 113501.6  0.000      0      0      0      0      0      3.000    8.700  0.000
01/29/1990   9333      0    941   2799      0   1274      0    579      0    344      0      0      0   0.00   0.00      0   0.00 18261.3  0.000 113426.9  0.000      0      0      0      0      0      3.000   13.900  0.272
01/30/1990   9376      0   1002   2812      0   1320      0    540      0    383      0      0      0   0.00   0.00      0   0.00 18225.5  0.000 113329.6  0.000      0      0      0      0      0      3.000    8.000  0.000
01/31/1990   9160      0   1085   2748      0   1354      0    534      0    399      0      0      0   0.00   0.00      0   0.00 18254.7  0.000 113422.5  0.000      0      0      0      0      0      3.000    9.500  0.000
02/01/1990   8931      0   1178   2679      0   1374      0    586      0    367      0      0      0   0.00   0.00      0   0.00 18282.7  0.000 113512.4  0.000      0      0      0      0      0      3.000    9.900  0.000
02/02/1990   2827      0   1255    848      0   1467      0    523      0    462      0      0      0   0.00   0.00      0   0.00 18291.5  0.000 113540.1  0.000      0      0      0      0      0      3.000   16.600  0.000
02/03/1990   2404      0   1272    721      0   1522      0    578      0    425      0      0      0   0.00   0.00      0   0.00 18299.0  0.000 113563.4  0.000      0      0      0      0      0      3.000   16.800  0.012
02/04/1990   2437      0   1313    731      0   1549      0    643      0    359      0      0      0   0.00   0.00      0   0.00 18306.6  0.000 113587.1  0.000      0      0      0      0      0      3.000   14.600  0.020
02/05/1990   2539      0   1423    761      0   1550      0    734      0    190      0      0      0   0.00   0.00      0   0.00 18299.2  0.000 113537.7  0.000      0      0      0      0      0      3.000    6.000  0.000
02/06/1990   2654      0   1530    796      0   1592      0    659      0    142      0      0      0   0.00   0.00      0   0.00 18307.4  0.000 113582.3  0.000      0      0      0      0      0      3.000    8.000  0.000
02/07/1990   2275      0   1671    604      0   1558      0    619      0    140      0      0      0   0.00   0.00      0   0.00 18313.8  0.000 113601.5  0.000      0      0      0      0      0      3.000   12.900  0.098
02/08/1990   2362      0   1795    567      0   1533      0    525      0    141      0      0      0   0.00   0.00      0   0.00 18319.6  0.000 113619.3  0.000      0      0      0      0      0      3.000   10.300  0.000
02/09/1990   2273      0   1846    427      0   1553      0    434      0    144      0      0      0   0.00   0.00      0   0.00 18323.9  0.000 113632.1  0.000      0      0      0      0      0      3.000   14.700  0.189
02/10/1990   2369      0   1848    521      0   1651      0    297      0    115      0      0      0   0.00   0.00      0   0.00 18318.4  0.000 113604.7  0.000      0      0      0      0      0      3.000   14.500  1.118
02/11/1990   2520      0   1883    637      0   1582      0    241      0    107      0      0      0   0.00   0.00      0   0.00 18312.4  0.000 113555.5  0.000      0      0      0      0      0      3.000    7.700  0.000
02/12/1990   2619      0   1922    697      0   1542      0    219      0     91      0      0      0   0.00   0.00      0   0.00 18306.0  0.000 113505.4  0.000      0      0      0      0      0      3.000    7.300  0.000
02/13/1990   2727      0   2020    707      0   1458      0    222      0    105      0      0      0   0.00   0.00      0   0.00 18313.3  0.000 113528.0  0.000      0      0      0      0      0      3.000   12.000  0.000
02/14/1990   2775      0   2063    712      0   1387      0    206      0    144      0      0      0   0.00   0.00      0   0.00 18320.7  0.000 113550.8  0.000      0      0      0      0      0      3.000   16.400  0.000
02/15/1990   2841      0   2112    729      0   1282      0    170      0    189      0      0      0   0.00   0.00      0   0.00 18327.9  0.000 113559.6  0.000      0      0      0      0      0      3.000   18.900  0.000
02/16/1990   2904      0   2071    833      0   1244      0    186      0    215      0      0      0   0.00   0.00      0   0.00 18318.8  0.000 113259.2  0.000      0      0      0      0      0      3.000   18.500  1.220
02/17/1990   2889      0   2043    846      0   1221      0    206      0    217      0      0      0   0.00   0.00      0   0.00 18327.6  0.000 113287.3  0.000      0      0      0      0      0      3.000   13.100  0.000
02/18/1990   2991      0   2086    897      0   1146      0    244      0    179      0      0      0   0.00   0.00      0   0.00 18320.1  0.000 113233.5  0.000      0      0      0      0      0      3.000    6.000  0.181
02/19/1990   3147      0   2197    944      0   1007      0    294      0    159      0      0      0   0.00   0.00      0   0.00 18312.2  0.000 113199.8  0.000      0      0      0      0      0      3.000    9.200  0.441
02/20/1990   3246      0   2243    973      0    929      0    332      0    142      0      0      0   0.00   0.00      0   0.00 18304.0  0.000 113143.7  0.000      0      0      0      0      0      3.000    7.500  0.000
02/21/1990   3365      0   2287   1009      0    852      0    318      0    151      0      0      0   0.00   0.00      0   0.00 18314.6  0.000 113202.9  0.000      0      0      0      0      0      3.000    6.200  0.000
02/22/1990   3490      0   2327   1047      0    784      0    309      0    187      0      0      0   0.00   0.00      0   0.00 18305.6  0.000 113166.5  0.000      0      0      0      0      0      3.000   13.500  0.311
02/23/1990   3685      0   2452   1105      0    656      0    285      0    246      0      0      0   0.00   0.00      0   0.00 18296.0  0.000 113128.6  0.000      0      0      0      0      0      3.000   15.200  0.228
02/24/1990   3768      0   2525   1130      0    642      0    254      0    264      0      0      0   0.00   0.00      0   0.00 18286.2  0.000 113068.0  0.000      0      0      0      0      0      3.000    7.300  0.000
02/25/1990   3828      0   2551   1148      0    642      0    279      0    172      0      0      0   0.00   0.00      0   0.00 18276.3  0.000 113006.9  0.000      0      0      0      0      0      3.000   -1.500  0.000
02/26/1990   3854      0   2474   1156      0    645      0    352      0     63      0      0      0   0.00   0.00      0   0.00 18266.2  0.000 112945.6  0.000      0      0      0      0      0      3.000   -2.600  0.000
02/27/1990   3889      0   2393   1166      0    659      0    359      0     65      0      0      0   0.00   0.00      0   0.00 18255.1  0.000 112884.0  0.000      0      0      0      0      0      3.000    6.400  0.000
02/28/1990   3946      0   2317   1183      0    644      0    309      0    167      0      0      0   0.00   0.00      0   0.00 18267.7  0.000 112924.9  0.000      0      0      0      0      0      3.000   10.000  0.000
03/01/1990   3972      0   2199   1191      0    655      0    264      0    263      0      0      0   0.00   0.00      0   0.00 18256.5  0.000 112862.7  0.000      0      0      0      0      0      3.000    8.500  0.000
03/02/1990   4009      0   2131   1202      0    702      0    237      0    311      0      0      0   0.00   0.00      0   0.00 18244.9  0.000 112822.4  0.000      0      0      0      0      0      3.000    9.400  0.071
03/03/1990   4037      0   2063   1211      0    775      0    230      0    344      0      0      0   0.00   0.00      0   0.00 18232.6  0.000 112781.9  0.000      0      0      0      0      0      3.000   10.900  0.610
03/04/1990   4056      0   1930   1216      0    812      0    263      0    335      0      0      0   0.00   0.00      0   0.00 18219.9  0.000 112718.9  0.000      0      0      0      0      0      3.000    6.200  0.000
03/05/1990   4025      0   1852   1207      0    783      0    376      0    335      0      0      0   0.00   0.00      0   0.00 18233.0  0.000 112792.8  0.000      0      0      0      0      0      3.000    7.800  0.000
03/06/1990   4066      0   1785   1219      0    733      0    511      0    371      0      0      0   0.00   0.00      0   0.00 18246.1  0.000 112835.3  0.000      0      0      0      0      0      3.000   12.300  0.000
03/07/1990   4122      0   1737   1236      0    733      0    533      0    364      0      0      0   0.00   0.00      0   0.00 18232.9  0.000 112771.9  0.000      0      0      0      0      0      3.000    4.800  0.000
03/08/1990   4188      0   1641   1256      0    761      0    544      0    312      0      0      0   0.00   0.00      0   0.00 18219.1  0.000 112707.8  0.000      0      0      0      0      0      3.000    3.300  0.020
03/09/1990   4256      0   1645   1276      0    781      0    619      0    300      0      0      0   0.00   0.00      0   0.00 18232.8  0.000 112752.7  0.000      0      0      0      0      0      3.000    9.500  0.079
03/10/1990   4313      0   1644   1293      0    827      0    586      0    469      0      0      0   0.00   0.00      0   0.00 18246.7  0.000 112798.0  0.000      0      0      0      0      0      3.000   16.000  0.000
03/11/1990   4338      0   1569   1301      0    926      0    512      0    708      0      0      0   0.00   0.00      0   0.00 18260.9  0.000 112809.8  0.000      0      0      0      0      0      3.000   20.000  0.000
03/12/1990   4382      0   1460   1314      0    957      0    584      0    890      0      0      0   0.00   0.00      0   0.00 18275.1  0.000 112820.3  0.000      0      0      0      0      0      3.000   23.200  0.000
03/13/1990   4419      0   1403   1325      0   1020      0    720      0    996      0      0      0   0.00   0.00      0   0.00 18289.3  0.000 112831.0  0.000      0      0      0      0      0      3.000   22.900  0.000
03/14/1990   4450      0   1321   1335      0   1146      0    849      0   1058      0      0      0   0.00   0.00      0   0.00 18303.5  0.000 112843.2  0.000      0      0      0      0      0      3.000   22.500  0.000
03/15/1990   4527      0   1280   1358      0   1134      0   1110      1   1082      0      0      0   0.00   0.00      0   0.00 18317.8  0.000 112856.6  0.000      0      0      0      0      0      3.000   21.600  0.000
03/16/1990   4300      0   1187   1290      0   1086      0   1404      2   1118      0      0      0   0.00   0.00      0   0.00 18331.2  0.000 112867.1  0.000      0      0      0      0      0      3.000   22.800  0.000
03/17/1990   4348      0   1160   1304      0   1182      0   1607      3   1113      0      0      0   0.00   0.00      0   0.00 18320.3  0.000 112276.3  0.000      0      0      0      0      0      3.000   20.000  0.740
03/18/1990   4332      0   1093   1299      0   1431      1   1723      2   1028      0      0      0   0.00   0.00      0   0.00 18333.4  0.000 112740.9  0.000      0      0      0      0      0      3.000   13.800  0.012
03/19/1990   4279      0   1060   1283      0   1731      2   1814      1    920      0      0      0   0.00   0.00      0   0.00 18346.2  0.000 112785.9  0.000      0      0      0      0      0      3.000   13.600  0.000
03/20/1990   4328      0   1083   1298      0   2007      3   1830      0    678      0      0      0   0.00   0.00      0   0.00 18330.3  0.000 112720.8  0.000      0      0      0      0      0      3.000    4.600  0.039
03/21/1990   4414      0   1120   1324      0   2260      3   1755      0    570      0      0      0   0.00   0.00      0   0.00 18343.6  0.000 112802.1  0.000      0      0      0      0      0      3.000    7.200  0.000
03/22/1990   3588      0   1182   1076      0   2526      3   1676      0    575      0      0      0   0.00   0.00      0   0.00 18354.3  0.000 112839.6  0.000      0      0      0      0      0      3.000   13.000  0.000
03/23/1990   3097      0   1250    929      0   2778      3   1426      0    759      0      0      0   0.00   0.00      0   0.00 18363.4  0.000 112871.7  0.000      0      0      0      0      0      3.000   16.900  0.000
03/24/1990   3094      0   1349    928      0   3034      3   1207      0    782      0      0      0   0.00   0.00      0   0.00 18372.6  0.000 112903.7  0.000      0      0      0      0      0      3.000   11.700  0.000
03/25/1990   3165      0   1410    949      1   3304      2   1138      0    617      0      0      0   0.00   0.00      0   0.00 18362.2  0.000 112848.3  0.000      0      0      0      0      0      3.000    6.900  0.000
03/26/1990   3262      0   1494    978      2   3471      1   1157      0    493      0      0      0   0.00   0.00      0   0.00 18371.9  0.000 112882.1  0.000      0      0      0      0      0      3.000   10.300  0.000
03/27/1990   3331      0   1615    999      3   3583      0   1069      0    460      0      0      0   0.00   0.00      0   0.00 18381.8  0.000 112916.6  0.000      0      0      0      0      0      3.000    9.200  0.000
03/28/1990   3017      0   1630    905      3   3618      0   1077      0    501      0      0      0   0.00   0.00      0   0.00 18390.7  0.000 112947.7  0.000      0      0      0      0      0      3.000    9.400  0.000
03/29/1990   3062      0   1617    918      3   3729      0   1080      0    450      0      0      0   0.00   0.00      0   0.00 18381.2  0.000 112893.3  0.000      0      0      0      0      0      3.000    7.900  2.650
03/30/1990   3205      0   1700    961      3   3858      0    954      0    436      0      0      0   0.00   0.00      0   0.00 18371.2  0.000 112859.1  0.000      0      0      0      0      0      3.000    9.300  0.000
03/31/1990   3438      0   1882   1031      3   3908      0    819      0    467      0      0      0   0.00   0.00      0   0.00 18362.1  0.000 112823.0  0.000      0      0      0      0      0      3.000   12.400  0.799
04/01/1990   3642      0   2146   1092      3   3803      0    748      0    608      0      0      0   0.00   0.00      0   0.00 18373.1  0.000 112861.0  0.000      0      0      0      0      0      3.000   17.800  0.000
04/02/1990   3983      0   2431   1194      3   3585      0    773      0    721      0      0      0   0.00   0.00      0   0.00 18362.8  0.000 112820.9  0.000      0      0      0      0      0      3.000   17.900  0.402
04/03/1990   4338      0   2736   1301      3   3405      0    793      0    711      0      0      0   0.00   0.00      0   0.00 18376.0  0.000 112866.2  0.000      0      0      0      0      0      3.000   10.900  0.000
04/04/1990   4465      0   3053   1339      3   3205      0    896      0    621      0      0      0   0.00   0.00      0   0.00 18389.4  0.000 112912.7  0.000      0      0      0      0      0      3.000    9.800  0.000
04/05/1990   4742      0   3326   1416      3   3004      0    993      0    580      0      0      0   0.00   0.00      0   0.00 18403.6  0.000 112961.8  0.000      0      0      0      0      0      3.000   14.300  0.000
04/06/1990   5133      0   3608   1525      3   2737      0   1054      0    638      0      0      0   0.00   0.00      0   0.00 18391.3  0.000 112913.5  0.000      0      0      0      0      0      3.000   16.100  0.382
04/07/1990   5490      0   3902   1588      3   2528      0   1081      0    604      0      0      0   0.00   0.00      0   0.00 18378.2  0.000 112839.8  0.000      0      0      0      0      0      3.000    7.600  0.272
04/08/1990   5771      1   4182   1588      2   2443      0   1106      0    525      0      0      0   0.00   0.00      0   0.00 18394.1  0.000 112936.7  0.000      0      0      0      0      0      3.000    7.300  0.000
04/09/1990   5830      2   4465   1363      1   2425      0   1084      0    480      0      0      0   0.00   0.00      0   0.00 18407.5  0.000 112982.9  0.000      0      0      0      0      0      3.000   10.800  0.000
04/10/1990   5670      3   4515   1152      0   2571      0    964      0    600      0      0      0   0.00   0.00      0   0.00 18418.6  0.000 113021.1  0.000      0      0      0      0      0      3.000   17.500  0.000
04/11/1990   5789      3   4585   1201      0   2584      0    920      0    664      0      0      0   0.00   0.00      0   0.00 18430.1  0.000 113060.9  0.000      0      0      0      0      0      3.000   14.600  0.000
04/12/1990   6077      3   4777   1297      0   2471      0    943      0    602      0      0      0   0.00   0.00      0   0.00 18442.4  0.000 113137.1  0.000      0      0      0      0      0      3.000    8.400  0.000
04/13/1990   6259      3   4963   1293      0   2392      0    984      0    509      0      0      0   0.00   0.00      0   0.00 18454.6  0.000 113179.7  0.000      0      0      0      0      0      3.000   10.000  0.000
04/14/1990   6430      3   5023   1404      0   2440      0    946      0    515      0      0      0   0.00   0.00      0   0.00 18467.8  0.000 113226.0  0.000      0      0      0      0      0      3.000   13.200  0.059
04/15/1990   6553      3   5059   1491      0   2458      0    941      0    642      0      0      0   0.00   0.00      0   0.00 18452.7  0.000 113168.3  0.000      0      0      0      0      0      3.000   16.200  0.209
