Varroa Population Simulation - May 03,2018  07:39:40 PM
VarroaPop Version 3.2.8.12 March 2018

                                        Capped  Capped                                                                      Prop           Conc          Conc                                             
            Colony  Adult  Adult         Drone   Wkr    Drone  Wkr    Drone  Wkr  Free   DBrood WBrood DMite  WMite  Mites  Mites  Colony Pollen Colony Nectar   Dead   Dead   Dead   Dead   Dead    Queen      Ave
     Date   Size   Drones   Wkr   Forgrs Brood  Brood   Larv   Larv    Eggs  Eggs Mites  Mites  Mites  /Cell  /Cell  Dying  Dying  Pollen  Pest  Nectar  Pest    DLarv  WLarv  DAdlt  WAdlt  Forgrs  Strength   Temp   Rain
Initial      7500      0   4242   2250      0  11500      0   7000      0   6000      0      0      0   0.00   0.00      0   0.00    0.0  0.000    0.0  0.000      0      0      0      0      0      3.000    0.000  0.000
05/12/1989   8182      0   4924   2454      0  12016      0   7600      3   4408      0      0      0   0.00   0.00      0   0.00 10000.0  0.000 30000.0  0.000      0      0      0      0      0      3.000   13.100  0.000
05/13/1989   8864      0   5606   2659      0  12532      0   8200      7   2872      0      0      0   0.00   0.00      0   0.00 10318.1  0.000 30963.0  0.000      0      0      0      0      0      3.000   15.500  0.000
05/14/1989   9546      0   6288   2863      0  13048      0   8800     11   1381      0      0      0   0.00   0.00      0   0.00 10658.9  0.000 32001.0  0.000      0      0      0      0      0      3.000   17.600  0.000
05/15/1989  10430      0   6970   3129      0  13564      3   7808     12   1488      0      0      0   0.00   0.00      0   0.00 10625.6  0.000 31920.0  0.000      0      0      0      0      0      3.000   17.900  0.228
05/16/1989  11112      0   7652   3333      0  14080      7   6872     13   1529      0      0      0   0.00   0.00      0   0.00 11030.0  0.000 33131.2  0.000      0      0      0      0      0      3.000   16.700  0.000
05/17/1989  11794      0   8334   3460      0  15196     11   5381     14   1553      0      0      0   0.00   0.00      0   0.00 11434.8  0.000 33465.4  0.000      0      0      0      0      0      3.000   18.000  0.000
05/18/1989  12476      0   9016   3460      0  16312     15   3896     15   1625      0      0      0   0.00   0.00      0   0.00 11839.1  0.000 33837.8  0.000      0      0      0      0      0      3.000   20.700  0.000
05/19/1989  13158      0   9698   3460      0  17428     20   2401     15   1701      0      0      0   0.00   0.00      0   0.00 12245.6  0.000 34356.9  0.000      0      0      0      0      0      3.000   20.400  0.000
05/20/1989  13840      0  10380   3460      0  16952     25   2526     15   1766      0      0      0   0.00   0.00      0   0.00 12648.3  0.000 34825.4  0.000      0      0      0      0      0      3.000   21.300  0.020
05/21/1989  14522      0  11062   3460      0  16532     30   2649     15   1793      0      0      0   0.00   0.00      0   0.00 13047.5  0.000 35246.7  0.000      0      0      0      0      0      3.000   22.200  0.000
05/22/1989  15204      0  11744   3460      3  16157     32   2721     15   1838      0      0      0   0.00   0.00      0   0.00 13445.5  0.000 35571.9  0.000      0      0      0      0      0      3.000   22.900  0.020
05/23/1989  16088      0  12426   3662      7  15788     33   2804     15   1851      0      0      0   0.00   0.00      0   0.00 13386.4  0.000 33963.6  0.000      0      0      0      0      0      3.000   22.000  0.201
05/24/1989  16778      0  13116   3662     11  15401     34   2913     16   1837      0      0      0   0.00   0.00      0   0.00 13808.1  0.000 34168.3  0.000      0      0      0      0      0      3.000   20.500  0.000
05/25/1989  17976      0  14314   3662     15  14534     35   3006     17   1875      0      0      0   0.00   0.00      0   0.00 14225.8  0.000 34240.2  0.000      0      0      0      0      0      3.000   24.100  0.000
05/26/1989  19174      0  15512   3662     20  13721     35   3030     19   1965      0      0      0   0.00   0.00      0   0.00 14639.8  0.000 34185.6  0.000      0      0      0      0      0      3.000   26.600  0.000
05/27/1989  20372      0  16710   3662     25  12902     36   3049     20   2047      0      0      0   0.00   0.00      0   0.00 15049.9  0.000 34001.5  0.000      0      0      0      0      0      3.000   25.300  0.000
05/28/1989  21570      0  17908   3662     30  12100     37   3115     19   1952      0      0      0   0.00   0.00      0   0.00 15456.3  0.000 33688.4  0.000      0      0      0      0      0      3.000   18.900  0.000
05/29/1989  22742      0  19106   3636     35  11314     39   3202     17   1830      0      0      0   0.00   0.00      0   0.00 15855.5  0.000 33238.0  0.000      0      0      0      0      0      3.000   19.400  0.000
05/30/1989  24540      0  20904   3636     40   9940     41   3258     16   1787      0      0      0   0.00   0.00      0   0.00 16248.0  0.000 32627.1  0.000      0      0      0      0      0      3.000   22.700  0.000
05/31/1989  26338      0  22702   3636     45   8551     41   3216     18   1895      0      0      0   0.00   0.00      0   0.00 16633.7  0.000 31852.0  0.000      0      0      0      0      0      3.000   25.100  0.000
06/01/1989  27934      0  24500   3434     50   7151     41   3195     20   2031      0      0      0   0.00   0.00      0   0.00 16987.3  0.000 30923.0  0.000      0      0      0      0      0      3.000   27.800  0.000
06/02/1989  28140      0  24024   4116     55   7407     42   3170     20   2072      0      0      0   0.00   0.00      0   0.00 17431.7  0.000 30280.1  0.000      0      0      0      0      0      3.000   26.700  0.142
06/03/1989  28402      0  23604   4798     61   7644     43   3146     22   2124      0      0      0   0.00   0.00      0   0.00 17967.3  0.000 29930.9  0.000      0      0      0      0      0      3.000   25.700  0.000
06/04/1989  28911      0  23229   5682     67   7817     44   3179     26   2199      0      0      0   0.00   0.00      0   0.00 17873.5  0.000 26942.6  0.000      0      0      0      0      0      3.000   26.100  0.921
06/05/1989  29429      3  22860   6566     71   7871     43   3290     34   2330      0      0      0   0.00   0.00      0   0.00 17781.7  0.000 23806.7  0.000      0      0      0      0      0      3.000   23.900  1.319
06/06/1989  29938      7  22481   7450     74   7945     45   3440     42   2428      0      0      0   0.00   0.00      0   0.00 17691.7  0.000 20518.2  0.000      0      0      0      0      0      3.000   22.300  0.409
06/07/1989  30273     11  22130   8132     75   8051     51   3591     49   2492      0      0      0   0.00   0.00      0   0.00 18674.4  0.000 21358.8  0.000      0      0      0      0      0      3.000   21.600  0.000
06/08/1989  30662     15  21833   8814     76   8141     60   3725     56   2594      0      0      0   0.00   0.00      0   0.00 18745.6  0.000 22432.2  0.000      0      0      0      0      0      3.000   22.800  0.098
06/09/1989  31248     20  21530   9374     77   8275     71   3837     62   2743      0      0      0   0.00   0.00      0   0.00 18663.3  0.000 18700.3  0.000      0      0      0      0      0      3.000   24.200  0.402
06/10/1989  31649     25  21244   9494     79   8357     82   4011     71   2909      0      0      0   0.00   0.00      0   0.00 18741.5  0.000 19754.5  0.000      0      0      0      0      0      3.000   24.600  0.000
06/11/1989  32066     30  20974   9619     81   8472     96   4195     76   2973      0      0      0   0.00   0.00      0   0.00 18816.5  0.000 20694.2  0.000      0      0      0      0      0      3.000   21.900  0.000
06/12/1989  32293     35  20716   9687     82   8636    113   4381     81   3010      0      0      0   0.00   0.00      0   0.00 18887.4  0.000 21649.1  0.000      0      0      0      0      0      3.000   22.400  0.110
06/13/1989  32707     40  20443   9812     86   8836    131   4590     86   3089      0      0      0   0.00   0.00      0   0.00 18955.0  0.000 22618.2  0.000      0      0      0      0      0      3.000   25.100  0.012
06/14/1989  33110     45  20151   9933     92   9063    146   4740     94   3276      0      0      0   0.00   0.00      0   0.00 19019.2  0.000 23664.0  0.000      0      0      0      0      0      3.000   26.900  0.000
06/15/1989  33779     50  19415  10133    101   9253    160   4899    102   3435      0      0      0   0.00   0.00      0   0.00 18939.1  0.000 19420.6  0.000      0      0      0      0      0      3.000   26.300  0.358
06/16/1989  34485     55  18716  10345    113   9465    175   5085    105   3436      0      0      0   0.00   0.00      0   0.00 18856.8  0.000 15081.8  0.000      0      0      0      0      0      3.000   22.200  0.618
06/17/1989  35173     61  17998  10551    125   9759    191   5273    109   3393      0      0      0   0.00   0.00      0   0.00 18772.7  0.000 10652.8  0.000      0      0      0      0      0      3.000   21.800  0.280
06/18/1989  35546     67  17167  10663    140  10210    206   5425    116   3445      0      0      0   0.00   0.00      0   0.00 18853.7  0.000 11747.8  0.000      0      0      0      0      0      3.000   24.100  0.000
06/19/1989  35930     74  16346  10779    156  10608    218   5548    127   3626      0      0      0   0.00   0.00      0   0.00 18930.2  0.000 12922.6  0.000      0      0      0      0      0      3.000   25.200  0.000
06/20/1989  36576     81  14985  10972    176  10982    229   5656    135   3740      0      0      0   0.00   0.00      0   0.00 18843.9  0.000 8357.2  0.000      0      0      0      0      0      3.000   22.900  0.319
06/21/1989  37258     86  13662  11177    197  11404    246   5781    142   3788      0      0      0   0.00   0.00      0   0.00 18756.0  0.000 3690.5  0.000      0      0      0      0      0      3.000   22.900  0.752
06/22/1989  37776     91  12377  11332    220  11853    264   5898    151   3875      0      0      0   0.00   0.00      0   0.00 18843.1  0.000 4662.0  0.000      0      0      0      0      0      3.000   24.800  0.000
06/23/1989  38462     97  12649  11538    246  12345    278   5961    163   4029      0      0      0   0.00   0.00      0   0.00 18750.2  0.000    0.0  0.000      0      0      0      0      0      3.000   24.600  0.559
06/24/1989  38996    104  12914  11698    273  12716    294   6133    171   4139      0      0      0   0.00   0.00      0   0.00 18840.5  0.000 1016.9  0.000      0      0      0      0      0      3.000   24.200  0.161
06/25/1989  39591    111  13195  11877    302  13047    313   6380    175   4171      0      0      0   0.00   0.00      0   0.00 18925.6  0.000 2036.6  0.000      0      0      0      0      0      3.000   24.600  0.000
06/26/1989  40203    114  13491  12060    331  13460    336   6545    179   4251      0      0      0   0.00   0.00      0   0.00 19005.6  0.000 3066.0  0.000      0      0      0      0      0      3.000   26.700  0.000
06/27/1989   6483      0   6290    193    360  13914    356   6646    185   4372      0      0      0   0.00   0.00      0   0.00 19080.9  0.000 4122.1  0.012      0      0    118   7514  26700      3.000   27.800  0.000
06/28/1989   7317      8   7080    229    392  14295    372   6811    126   3051      0      0      0   0.00   0.00      0   0.00 19040.7  0.000 3304.8  0.011      0      0      3      2     26      3.000   25.500  0.831
06/29/1989   8168     13   7917    238    424  14654    388   7008     64   1672      0      0      0   0.00   0.00      0   0.00 19035.4  0.000 2536.5  0.010      0      0      9      7     54      3.000   24.400  0.012
06/30/1989   9072     21   8820    231    453  15046    406   7143      0    257      0      0      0   0.00   0.00      0   0.00 19025.5  0.000 1668.8  0.007      0      0      9      5     49      3.000   22.000  0.000
07/01/1989  10054     32   9767    255    485  15415    356   5833      0    263      0      0      0   0.00   0.00      0   0.00 19014.4  0.000  718.0  0.000      0      0      7      3     40      3.000   21.700  0.000
07/02/1989  11027     51  10671    305    519  15820    301   4541      0    269      0      0      0   0.00   0.00      0   0.00 19002.9  0.000    0.0  0.000      0      0      2      1      9      3.000   22.800  0.000
07/03/1989  12043     72  11610    361    554  16207    243   3229      0    296      0      0      0   0.00   0.00      0   0.00 18995.7  0.000    0.0  0.000      0      0      2      1     11      3.000   24.000  0.000
07/04/1989  13143     96  12637    410    585  16577    185   1845      0    350      0      0      0   0.00   0.00      0   0.00 18994.6  0.000    0.0  0.000      0      0      3      1     15      3.000   25.500  0.031
07/05/1989  14333    122  13731    480    618  16916    126    438      0    405      0      0      0   0.00   0.00      0   0.00 18939.1  0.000    0.0  0.000      0      0      0      0      0      3.000   24.300  0.209
07/06/1989  15533    150  14825    558    652  15823     64    474      0    465      0      0      0   0.00   0.00      0   0.00 18880.0  0.000    0.0  0.000      0      0      0      0      0      3.000   25.100  0.461
07/07/1989  16665    182  15843    640    684  14813      0    523      0    524      0      0      0   0.00   0.00      0   0.00 18817.7  0.000    0.0  0.000      0      0      0      0      0      3.000   25.100  0.260
07/08/1989  17763    206  16881    676    650  13780      0    586      0    600      0      0      0   0.00   0.00      0   0.00 18819.5  0.000    0.0  0.000      0      0     10      3     38      3.000   26.400  0.000
07/09/1989  18643    220  17650    773    614  12641      0    676      0    661      0      0      0   0.00   0.00      0   0.00 18824.2  0.000    0.0  0.000      0      0     22      9    343      3.000   26.200  0.000
07/10/1989  19541    234  18469    838    579  11456      0    778      0    734      0      0      0   0.00   0.00      0   0.00 18829.2  0.000    0.0  0.000      0      0     21      9    350      3.000   28.000  0.000
07/11/1989  20365    247  19193    925    541  10336      0    890      0    801      0      0      0   0.00   0.00      0   0.00 18835.2  0.000    0.0  0.000      0      0     25     11    403      3.000   29.200  0.000
07/12/1989  21167    261  19923    983    498   9203      0    987      0    869      0      0      0   0.00   0.00      0   0.00 18841.7  0.000    0.0  0.000      0      0     29     12    432      3.000   26.800  0.000
07/13/1989  22581    307  20731   1543    452   7986      0   1107      0    898      0      0      0   0.00   0.00      0   0.00 18764.2  0.000    0.0  0.000      0      0      0      0      0      3.000   24.100  1.299
07/14/1989  23445    315  21558   1572    406   6772      0   1226      0   1014      0      0      0   0.00   0.00      0   0.00 18776.0  0.000    0.0  0.000      0      0     38     29    486      3.000   24.300  0.000
07/15/1989  24877    365  22369   2143    356   5588      0   1332      0   1132      0      0      0   0.00   0.00      0   0.00 18693.0  0.000    0.0  0.000      0      0      0      0      0      3.000   25.000  0.480
07/16/1989  26332    420  23150   2762    301   4415      0   1405      1   1318      0      0      0   0.00   0.00      0   0.00 18606.7  0.000    0.0  0.000      0      0      0      0      0      3.000   23.000  0.630
07/17/1989  27859    478  23984   3397    243   3182      0   1579      4   1436      0      0      0   0.00   0.00      0   0.00 18516.7  0.000    0.0  0.000      0      0      0      0      0      3.000   20.900  0.299
07/18/1989  28603    480  24715   3408    185   1950      0   1730      9   1636      0      0      0   0.00   0.00      0   0.00 18549.2  0.000    0.0  0.000      0      0     56    124    634      3.000   22.800  0.000
07/19/1989  27829    474  23934   3421    126   2165      1   1922     13   1801      0      0      0   0.00   0.00      0   0.00 18583.4  0.000    0.0  0.000      0      0     57      8    836      3.000   24.600  0.079
07/20/1989  27013    471  23108   3434     64   2379      4   2146     15   1915      0      0      0   0.00   0.00      0   0.00 18617.9  0.000    0.0  0.000      0      0     60     10    890      3.000   23.900  0.039
07/21/1989  26091    465  22215   3411      0   2591      9   2468     15   1944      0      0      0   0.00   0.00      0   0.00 18652.2  0.000    0.0  0.000      0      0     62     10    955      3.000   24.400  0.000
07/22/1989  25139    454  21273   3412      0   2916     14   2709     15   1948      0      0      0   0.00   0.00      0   0.00 18686.4  0.000    0.0  0.000      0      0      0     10   1001      3.000   24.800  0.000
07/23/1989  24225    435  20382   3408      0   3242     19   2929     16   1980      0      0      0   0.00   0.00      0   0.00 18719.8  0.000    0.0  0.000      0      0      0     11    961      3.000   26.200  0.000
07/24/1989  24319    414  19485   4420      0   3613     24   3094     17   2020      0      0      0   0.00   0.00      0   0.00 18657.6  0.000    0.0  0.000      0      0      0      0      0      3.000   27.500  0.350
07/25/1989  23288    390  18499   4399      0   4002     29   3221     22   2130      0      0      0   0.00   0.00      0   0.00 18702.2  0.000    0.0  0.000      0      0      0     27   1089      3.000   26.200  0.000
07/26/1989  22163    364  17454   4345      1   4473     34   3273     26   2226      0      0      0   0.00   0.00      0   0.00 18745.8  0.000    0.0  0.000      0      0      0     31   1155      3.000   26.600  0.150
07/27/1989  22310    336  16457   5517      4   4949     37   3313     29   2261      0      0      0   0.00   0.00      0   0.00 18699.1  0.000    0.0  0.000      0      0      0      0      0      3.000   24.200  0.421
07/28/1989  21279    304  15512   5463      9   5393     42   3436     32   2342      0      0      0   0.00   0.00      0   0.00 18752.5  0.000  390.3  0.047      0      0      0     43   1092      3.000   26.200  0.000
07/29/1989  20037    280  14571   5186     14   5817     47   3555     34   2375      0      0      0   0.00   0.00      0   0.00 18801.6  0.000  838.3  0.047      0      0      0     50   1110      3.000   24.000  0.000
07/30/1989  18960    266  13541   5153     19   6236     51   3626     36   2439      0      0      0   0.00   0.00      0   0.00 18847.1  0.000 1316.8  0.047      0      0      0     51   1206      3.000   24.300  0.000
07/31/1989  17877    252  12472   5153     24   6639     59   3798     35   2407      0      0      0   0.00   0.00      0   0.00 18808.0  0.000    0.0  0.000      0      0      0     61   1272      3.000   25.800  0.752
08/01/1989  16776    239  11478   5032     29   7036     66   3910     34   2390      0      0      0   0.00   0.00      0   0.00 18848.2  0.000  449.4  0.047      0      0      0     64   1215      3.000   24.200  0.012
08/02/1989  15740    225  10456   4722     35   7497     71   3935     34   2365      0      0      0   0.00   0.00      0   0.00 18811.7  0.000    0.0  0.000      0      0      0     66   1260      3.000   23.400  0.358
08/03/1989  14468    179   9323   4340     41   7967     77   3979     33   2333      0      0      0   0.00   0.00      0   0.00 18846.9  0.000  454.1  0.047      0      0      0     65   1358      3.000   24.400  0.000
08/04/1989  13334    171   8284   4000     51   8283     78   4039     33   2370      0      0      0   0.00   0.00      0   0.00 18878.6  0.000  899.2  0.047      0      0      0     89   1350      3.000   27.200  0.000
08/05/1989  11584    121   7232   3475     61   8707     79   3958     33   2420      0      0      0   0.00   0.00      0   0.00 18905.7  0.000 1345.6  0.047      0      0      0     92   1372      3.000   27.100  0.000
08/06/1989   8648     66   6213   2369     70   9024     81   3937     31   2419      0      0      0   0.00   0.00      0   0.00 18926.1  0.000 1775.2  0.047      0      0      0    105   1390      3.000   28.400  0.000
08/07/1989   7535      8   5157   2260     83   9286     79   3970     22   2152      0      0      0   0.00   0.00      0   0.00 18898.9  0.000  770.5  0.000      0      0      0    115   1468      3.000   26.400  0.319
08/08/1989   8141      6   4400   2442     95   9478     78   3971     12   1816      0      0      0   0.00   0.00      0   0.00 18915.1  0.000 1027.9  0.000      0      0      0      0      0      3.000   20.500  0.000
08/09/1989   8775      5   4980   2632    105   9613     76   3966      8   1647      0      0      0   0.00   0.00      0   0.00 18932.2  0.000 1336.5  0.000      0      0      0      0      0      3.000   20.600  0.031
08/10/1989   9418      6   5542   2825    114   9736     66   3757     11   1622      0      0      0   0.00   0.00      0   0.00 18909.4  0.000 1261.3  0.000      0      0      0      0      0      3.000   16.600  0.669
08/11/1989  10056      9   6115   3016    120   9867     56   3454     15   1710      0      0      0   0.00   0.00      0   0.00 18929.1  0.000 1652.3  0.000      0      0      0      0      0      3.000   18.000  0.000
08/12/1989  10700     14   6696   3210    126  10035     50   3243     16   1719      0      0      0   0.00   0.00      0   0.00 18949.6  0.000 2092.3  0.000      0      0      0      0      0      3.000   20.300  0.000
08/13/1989  11363     19   7286   3408    132  10176     44   2959     18   1872      0      0      0   0.00   0.00      0   0.00 18971.1  0.000 2598.0  0.000      0      0      0      0      0      3.000   23.400  0.000
08/14/1989  11032     24   7863   3145    138  10266     38   2745     20   1974      0      0      0   0.00   0.00      0   0.00 18990.3  0.000 3072.8  0.000      0      0      0      0      0      3.000   22.300  0.161
08/15/1989  11793     29   8517   3247    144  10057     33   2810     18   1964      0      0      0   0.00   0.00      0   0.00 19009.7  0.000 3532.9  0.000      0      0      0      0      0      3.000   23.600  0.000
08/16/1989  11388     35   9169   2184    147   9766     31   3015     16   1915      0      0      0   0.00   0.00      0   0.00 19021.8  0.000 3520.6  0.000      0      0      0      0      0      3.000   24.600  0.130
08/17/1989  12120     41   9721   2358    143   9652     36   3072     10   1752      0      0      0   0.00   0.00      0   0.00 18975.9  0.000 2292.4  0.000      0      0      0      0      0      3.000   24.200  2.512
08/18/1989  12968     51  10413   2504    134   9337     39   3152      7   1655      0      0      0   0.00   0.00      0   0.00 18990.3  0.000 2267.8  0.000      0      0      0      0      0      3.000   23.000  0.189
08/19/1989  13773     61  11040   2672    129   9101     39   3220      4   1546      0      0      0   0.00   0.00      0   0.00 19005.5  0.000 2221.1  0.000      0      0      0      0      0      3.000   22.600  0.000
08/20/1989  14563     70  11646   2847    125   8932     35   3105      5   1620      0      0      0   0.00   0.00      0   0.00 19021.5  0.000 2163.9  0.000      0      0      0      0      0      3.000   25.100  0.000
08/21/1989  15381     83  12248   3050    117   8802     31   2935      7   1718      0      0      0   0.00   0.00      0   0.00 19038.5  0.000 2117.9  0.000      0      0      0      0      0      3.000   26.100  0.000
08/22/1989  16169     95  12804   3270    111   8685     27   2792      9   1838      0      0      0   0.00   0.00      0   0.00 19056.5  0.000 2093.3  0.000      0      0      0      0      0      3.000   26.900  0.000
08/23/1989  16935    106  13331   3498    107   8531     22   2761     12   1941      0      0      0   0.00   0.00      0   0.00 19075.6  0.000 2090.8  0.000      0      0      0      0      0      3.000   28.000  0.051
08/24/1989  17729    118  13878   3733    102   8384     18   2738     14   2010      0      0      0   0.00   0.00      0   0.00 19017.5  0.000  181.5  0.000      0      0      0      0      0      3.000   26.100  0.630
08/25/1989  18553    129  14380   4044     95   8067     18   2878     15   2032      0      0      0   0.00   0.00      0   0.00 19040.7  0.000  275.1  0.000      0      0      0      0      0      3.000   23.700  0.012
08/26/1989  19368    140  14865   4363     89   7766     18   3047     16   2017      0      0      0   0.00   0.00      0   0.00 19065.3  0.000  427.0  0.000      0      0      0      0      0      3.000   22.300  0.000
08/27/1989  18781    151  15265   3365     79   7511     22   3202     18   2029      0      0      0   0.00   0.00      0   0.00 19083.2  0.000  138.4  0.000      0      0      0      0      0      3.000   22.300  0.000
08/28/1989  19197    162  15408   3627     69   7535     26   3290     18   2016      0      0      0   0.00   0.00      0   0.00 19102.3  0.000    0.0  0.000      0      0      0      0      0      3.000   25.200  0.012
08/29/1989  19609    173  15265   4171     60   7668     30   3346     17   2025      0      0      0   0.00   0.00      0   0.00 19124.3  0.000    0.0  0.000      0      0      0      0      0      3.000   25.400  0.000
08/30/1989  20155    181  15226   4748     53   7702     35   3393     17   2071      0      0      0   0.00   0.00      0   0.00 19149.0  0.000  190.7  0.000      0      0      0      0      0      3.000   26.700  0.000
08/31/1989  20601    180  15115   5306     54   7854     37   3365     20   2143      0      0      0   0.00   0.00      0   0.00 19176.1  0.000  590.1  0.000      0      0      0      0      0      3.000   23.600  0.000
09/01/1989  21050    176  15031   5843     57   7968     38   3361     24   2231      0      0      0   0.00   0.00      0   0.00 19205.3  0.000 1192.3  0.000      0      0      0      0      0      3.000   24.000  0.000
09/02/1989  21560    176  14997   6387     57   8015     40   3432     28   2318      0      0      0   0.00   0.00      0   0.00 19236.3  0.000 1997.3  0.000      0      0      0      0      0      3.000   25.900  0.000
09/03/1989  21952    176  15007   6585     57   7999     43   3491     31   2366      0      0      0   0.00   0.00      0   0.00 19267.1  0.000 2844.0  0.000      0      0      0      0      0      3.000   22.100  0.000
09/04/1989  22467    176  14985   6740     57   8023     47   3563     33   2358      0      0      0   0.00   0.00      0   0.00 19297.4  0.000 3700.7  0.000      0      0      0      0      0      3.000   20.800  0.000
09/05/1989  22903    177  14831   6870     57   8067     52   3734     33   2291      0      0      0   0.00   0.00      0   0.00 19327.0  0.000 4542.2  0.000      0      0      0      0      0      3.000   20.200  0.039
09/06/1989  23355    178  14696   7006     57   8109     56   3832     35   2355      0      0      0   0.00   0.00      0   0.00 19356.0  0.000 5366.3  0.000      0      0      0      0      0      3.000   22.900  0.000
09/07/1989  23650    179  14476   7095     55   8342     62   3850     37   2435      0      0      0   0.00   0.00      0   0.00 19384.0  0.000 6207.0  0.000      0      0      0      0      0      3.000   22.100  0.000
09/08/1989  23928    173  14144   7178     56   8555     68   3882     40   2542      0      0      0   0.00   0.00      0   0.00 19411.2  0.000 7041.2  0.000      0      0      0      0      0      3.000   22.900  0.000
09/09/1989  23976    168  13867   7192     58   8794     74   3956     43   2617      0      0      0   0.00   0.00      0   0.00 19437.2  0.000 7862.3  0.000      0      0      0      0      0      3.000   24.500  0.000
09/10/1989  24227    160  13657   7268     65   9040     79   3967     47   2726      0      0      0   0.00   0.00      0   0.00 19462.4  0.000 8702.4  0.000      0      0      0      0      0      3.000   26.000  0.000
09/11/1989  24497    148  13455   7349     73   9203     84   4058     50   2824      0      0      0   0.00   0.00      0   0.00 19486.7  0.000 9549.2  0.000      0      0      0      0      0      3.000   26.600  0.000
09/12/1989  24752    138  13315   7425     82   9314     89   4215     51   2840      0      0      0   0.00   0.00      0   0.00 19510.1  0.000 10395.2  0.000      0      0      0      0      0      3.000   24.700  0.020
09/13/1989  25013    129  13233   7503     91   9390     95   4402     51   2822      0      0      0   0.00   0.00      0   0.00 19532.7  0.000 11238.4  0.000      0      0      0      0      0      3.000   24.500  0.000
09/14/1989  25063    120  13132   7518     99   9548    101   4527     51   2779      0      0      0   0.00   0.00      0   0.00 19554.3  0.000 12088.0  0.000      0      0      0      0      0      3.000   24.200  0.031
09/15/1989  25724    113  12977   7717    106   9717    107   4620     51   2777      0      0      0   0.00   0.00      0   0.00 19487.0  0.000 8910.5  0.000      0      0      0      0      0      3.000   24.800  0.272
09/16/1989  25735    107  12830   7720    114   9915    111   4682     51   2779      0      0      0   0.00   0.00      0   0.00 19511.3  0.000 9759.7  0.000      0      0      0      0      0      3.000   24.400  0.098
09/17/1989  25780    101  12742   7734    122  10136    115   4689     50   2740      0      0      0   0.00   0.00      0   0.00 19534.5  0.000 10588.6  0.000      0      0      0      0      0      3.000   22.600  0.000
09/18/1989  25778     95  12841   7733    131  10427    118   4671     47   2616      0      0      0   0.00   0.00      0   0.00 19556.6  0.000 11417.5  0.000      0      0      0      0      0      3.000   19.800  0.000
09/19/1989  25795     90  13039   7738    141  10714    119   4637     43   2444      0      0      0   0.00   0.00      0   0.00 19577.6  0.000 12281.9  0.000      0      0      0      0      0      3.000   18.600  0.051
09/20/1989  26532     88  13166   7959    151  10905    118   4589     41   2387      0      0      0   0.00   0.00      0   0.00 19506.0  0.000 8998.4  0.000      0      0      0      0      0      3.000   21.700  1.059
09/21/1989  26588     91  13362   7976    163  11106    115   4465     43   2498      0      0      0   0.00   0.00      0   0.00 19530.1  0.000 9893.3  0.000      0      0      0      0      0      3.000   25.700  0.161
09/22/1989  27357     95  13560   8207    175  11262    111   4302     45   2640      0      0      0   0.00   0.00      0   0.00 19456.5  0.000 6525.5  0.000      0      0      0      0      0      3.000   25.700  0.449
09/23/1989  27494     97  13765   8248    185  11364    108   4199     45   2625      0      0      0   0.00   0.00      0   0.00 19484.0  0.000 7474.7  0.000      0      0      0      0      0      3.000   21.500  0.079
09/24/1989  27507    100  13856   8252    194  11519    107   4184     38   2275      0      0      0   0.00   0.00      0   0.00 19510.1  0.000 10508.6  0.000      0      0      0      0      0      3.000   13.300  0.000
09/25/1989  28268    104  13944   8480    202  11644    105   4202     32   1944      0      0      0   0.00   0.00      0   0.00 19429.4  0.000 10340.9  0.000      0      0      0      0      0      3.000   13.700  1.079
09/26/1989  28262    109  14092   8478    208  11689    102   4208     29   1862      0      0      0   0.00   0.00      0   0.00 19459.1  0.000 11341.2  0.000      0      0      0      0      0      3.000   19.100  0.031
09/27/1989  28379    113  14296   8513    213  11608     95   4015     29   1894      0      0      0   0.00   0.00      0   0.00 19487.4  0.000 14472.0  0.000      0      0      0      0      0      3.000   14.900  0.000
09/28/1989  28374    117  14627   8512    216  11596     90   3759     29   1903      0      0      0   0.00   0.00      0   0.00 19514.1  0.000 17602.6  0.000      0      0      0      0      0      3.000   14.600  0.000
09/29/1989  28444    124  14979   8533    218  11645     88   3572     28   1854      0      0      0   0.00   0.00      0   0.00 19539.5  0.000 18616.3  0.000      0      0      0      0      0      3.000   18.800  0.000
09/30/1989  29366    132  15367   8809    219  11631     83   3269     28   1888      0      0      0   0.00   0.00      0   0.00 19456.4  0.000 18443.9  0.000      0      0      0      0      0      3.000   17.500  0.591
10/01/1989  30324    144  15733   9097    222  11495     76   3037     28   1961      0      0      0   0.00   0.00      0   0.00 19375.5  0.000 14827.1  0.000      0      0      0      0      0      3.000   18.300  1.598
10/02/1989  30511    157  16085   9153    223  11096     71   3151     29   2031      0      0      0   0.00   0.00      0   0.00 19410.5  0.000 15982.9  0.000      0      0      0      0      0      3.000   22.800  0.169
10/03/1989  30641    171  16369   9192    221  10735     66   3213     31   2122      0      0      0   0.00   0.00      0   0.00 19443.8  0.000 17141.1  0.000      0      0      0      0      0      3.000   22.200  0.000
10/04/1989  30798    186  16614   9239    213  10535     66   3136     29   2034      0      0      0   0.00   0.00      0   0.00 19475.3  0.000 20542.0  0.000      0      0      0      0      0      3.000   15.900  0.000
10/05/1989  30968    200  16854   9290    205  10211     68   3288     24   1784      0      0      0   0.00   0.00      0   0.00 19505.2  0.000 23962.0  0.000      0      0      0      0      0      3.000   13.900  0.000
10/06/1989  30304    213  17114   9091    199   9861     68   3432     21   1714      0      0      0   0.00   0.00      0   0.00 19532.8  0.000 25151.3  0.000      0      0      0      0      0      3.000   20.700  0.000
10/07/1989  30431    225  17376   9129    191   9610     66   3316     21   1727      0      0      0   0.00   0.00      0   0.00 19558.9  0.000 26357.3  0.000      0      0      0      0      0      3.000   18.300  0.000
10/08/1989  30544    237  17565   9163    183   9359     63   3184     20   1646      0      0      0   0.00   0.00      0   0.00 19583.8  0.000 29730.0  0.000      0      0      0      0      0      3.000   12.300  0.000
10/09/1989  30804    249  17714   9241    176   9206     61   3185     16   1328      0      0      0   0.00   0.00      0   0.00 19607.4  0.000 33131.7  0.000      0      0      0      0      0      3.000    9.600  0.000
10/10/1989  30482    260  17795   9144    168   9197     59   3012     13   1126      0      0      0   0.00   0.00      0   0.00 19629.5  0.000 36497.3  0.000      0      0      0      0      0      3.000   11.200  0.000
10/11/1989  30218    269  17881   9065    161   9094     55   2708     13   1158      0      0      0   0.00   0.00      0   0.00 19650.1  0.000 39833.6  0.000      0      0      0      0      0      3.000   14.700  0.000
10/12/1989  30521    278  18069   9156    158   8742     48   2479     14   1311      0      0      0   0.00   0.00      0   0.00 19669.8  0.000 43203.6  0.000      0      0      0      0      0      3.000   17.000  0.000
10/13/1989  30076    286  18204   9022    156   8341     41   2354     15   1456      0      0      0   0.00   0.00      0   0.00 19688.1  0.000 44390.9  0.000      0      0      0      0      0      3.000   19.000  0.000
10/14/1989  30282    293  18188   9084    149   8183     39   2152     15   1513      0      0      0   0.00   0.00      0   0.00 19705.5  0.000 45581.8  0.000      0      0      0      0      0      3.000   19.400  0.000
10/15/1989  30220    301  17978   9066    139   8194     38   2063     15   1542      0      0      0   0.00   0.00      0   0.00 19721.9  0.000 46763.4  0.000      0      0      0      0      0      3.000   20.300  0.000
10/16/1989  30289    307  17790   9086    132   8043     35   2164     15   1560      0      0      0   0.00   0.00      0   0.00 19737.5  0.000 47925.3  0.000      0      0      0      0      0      3.000   22.100  0.000
10/17/1989  29400    310  17759   8820    125   7649     33   2337     15   1586      0      0      0   0.00   0.00      0   0.00 19751.7  0.000 49059.0  0.000      0      0      0      0      0      3.000   22.300  0.020
10/18/1989  29995    308  17517   8998    121   7426     33   2479     14   1548      0      0      0   0.00   0.00      0   0.00 19675.4  0.000 45462.7  0.000      0      0      0      0      0      3.000   20.200  0.941
10/19/1989  30571    306  17258   9171    116   7298     34   2566     12   1362      0      0      0   0.00   0.00      0   0.00 19590.8  0.000 45285.2  0.000      0      0      0      0      0      3.000   13.200  0.709
10/20/1989  31250    306  17071   9375    109   7106     35   2612      8   1081      0      0      0   0.00   0.00      0   0.00 19503.2  0.000 45104.8  0.000      0      0      0      0      0      3.000    8.700  0.000
10/21/1989  31265    302  16788   9379    105   6994     34   2571      5    858      0      0      0   0.00   0.00      0   0.00 19531.8  0.000 48557.8  0.000      0      0      0      0      0      3.000    8.800  0.000
10/22/1989  31266    298  16493   9379    101   6850     32   2415      4    804      0      0      0   0.00   0.00      0   0.00 19558.7  0.000 52010.9  0.000      0      0      0      0      0      3.000   10.800  0.000
10/23/1989  31328    294  16278   9398     96   6617     28   2151      5    856      0      0      0   0.00   0.00      0   0.00 19584.1  0.000 55471.0  0.000      0      0      0      0      0      3.000   11.300  0.000
10/24/1989  31362    287  16070   9408     92   6432     24   1869      6    908      0      0      0   0.00   0.00      0   0.00 19608.1  0.000 58934.9  0.000      0      0      0      0      0      3.000   11.700  0.000
10/25/1989  31249    279  15705   9374     88   6402     21   1633      6    944      0      0      0   0.00   0.00      0   0.00 19630.6  0.000 62386.1  0.000      0      0      0      0      0      3.000   13.200  0.000
10/26/1989  31074    273  15283   9322     82   6381     18   1459      6    981      0      0      0   0.00   0.00      0   0.00 19651.7  0.000 65818.0  0.000      0      0      0      0      0      3.000   13.900  0.000
10/27/1989  31027    267  15007   9308     76   6080     15   1415      6   1022      0      0      0   0.00   0.00      0   0.00 19671.5  0.000 69244.6  0.000      0      0      0      0      0      3.000   14.600  0.000
10/28/1989  30938    257  14653   9281     73   5756     13   1496      6   1023      0      0      0   0.00   0.00      0   0.00 19690.1  0.000 72661.2  0.000      0      0      0      0      0      3.000   14.200  0.000
10/29/1989  30668    246  14189   9200     70   5593     12   1582      6   1045      0      0      0   0.00   0.00      0   0.00 19707.5  0.000 76047.7  0.000      0      0      0      0      0      3.000   16.200  0.000
10/30/1989  30254    237  13719   9076     63   5556     13   1633      6   1072      0      0      0   0.00   0.00      0   0.00 19723.7  0.000 79388.0  0.000      0      0      0      0      0      3.000   17.400  0.000
10/31/1989  29891    227  13335   8967     57   5486     14   1663      6   1126      0      0      0   0.00   0.00      0   0.00 19739.1  0.000 80374.6  0.000      0      0      0      0      0      3.000   18.800  0.000
11/01/1989  29547    216  12960   8864     54   5343     14   1719      5   1084      0      0      0   0.00   0.00      0   0.00 19753.2  0.000 83636.1  0.000      0      0      0      0      0      3.000   14.900  0.000
11/02/1989  30005    206  12532   9001     52   5189     14   1761      4    958      0      0      0   0.00   0.00      0   0.00 19660.4  0.000 83461.0  0.000      0      0      0      0      0      3.000   11.200  1.110
11/03/1989  29672    197  12151   8901     50   5011     14   1808      3    800      0      0      0   0.00   0.00      0   0.00 19678.8  0.000 86736.2  0.000      0      0      0      0      0      3.000   10.200  0.012
11/04/1989  30151    188  11848   9045     47   4852     13   1781      2    653      0      0      0   0.00   0.00      0   0.00 19696.5  0.000 92662.9  0.000      0      0      0      0      0      3.000    7.500  0.000
11/05/1989  29113    177  11799   8733     44   4670     12   1696      1    636      0      0      0   0.00   0.00      0   0.00 19712.7  0.000 95875.6  0.000      0      0      0      0      0      3.000   10.700  0.000
11/06/1989  26337    167  11767   7901     41   4496     11   1563      1    683      0      0      0   0.00   0.00      0   0.00 19726.5  0.000 98778.9  0.000      0      0      0      0      0      3.000   14.200  0.000
11/07/1989  25936    158  11572   7780     38   4338      9   1362      1    789      0      0      0   0.00   0.00      0   0.00 19739.5  0.000 101637.3  0.000      0      0      0      0      0      3.000   16.000  0.000
11/08/1989  26393    154  11453   7917     35   4248      7   1206      1    857      0      0      0   0.00   0.00      0   0.00 19678.6  0.000 98335.5  0.000      0      0      0      0      0      3.000   18.300  0.201
11/09/1989  26722    150  11226   8016     32   4218      6   1162      0    874      0      0      0   0.00   0.00      0   0.00 19617.6  0.000 95013.3  0.000      0      0      0      0      0      3.000   18.100  0.618
11/10/1989  26013    144  10799   7803     29   4215      4   1193      0    790      0      0      0   0.00   0.00      0   0.00 19635.8  0.000 97880.2  0.000      0      0      0      0      0      3.000   10.900  0.000
11/11/1989  25291    139  10423   7587     26   4190      3   1263      0    695      0      0      0   0.00   0.00      0   0.00 19652.6  0.000 100666.9  0.000      0      0      0      0      0      3.000   12.000  0.000
11/12/1989  24645    133  10069   7393     24   4067      2   1383      0    657      0      0      0   0.00   0.00      0   0.00 19668.3  0.000 103381.5  0.000      0      0      0      0      0      3.000   16.700  0.000
11/13/1989  24006    124   9624   7201     24   3995      1   1347      0    718      0      0      0   0.00   0.00      0   0.00 19682.8  0.000 106024.8  0.000      0      0      0      0      0      3.000   17.600  0.000
11/14/1989  23379    116   9209   7013     23   3965      1   1275      0    774      0      0      0   0.00   0.00      0   0.00 19696.6  0.000 106745.0  0.000      0      0      0      0      0      3.000   18.800  0.059
11/15/1989  23687    109   8979   7106     21   3912      1   1251      0    760      0      0      0   0.00   0.00      0   0.00 19621.3  0.000 106597.6  0.000      0      0      0      0      0      3.000   17.600  0.531
11/16/1989  23088    100   8821   6926     20   3871      0   1208      0    698      0      0      0   0.00   0.00      0   0.00 19637.3  0.000 109138.8  0.000      0      0      0      0      0      3.000   13.400  0.189
11/17/1989  23409     91   8517   7022     18   3817      0   1175      0    502      0      0      0   0.00   0.00      0   0.00 19562.0  0.000 108982.2  0.000      0      0      0      0      0      3.000    3.800  0.000
11/18/1989  23719     86   8275   7115     16   3679      0   1221      0    352      0      0      0   0.00   0.00      0   0.00 19485.1  0.000 108824.4  0.000      0      0      0      0      0      3.000    5.800  0.000
11/19/1989  24059     82   8220   7217     14   3521      0   1211      0    225      0      0      0   0.00   0.00      0   0.00 19406.7  0.000 108665.5  0.000      0      0      0      0      0      3.000    4.100  0.000
11/20/1989  23498     76   8261   7049     12   3402      0   1020      0    319      0      0      0   0.00   0.00      0   0.00 19432.1  0.000 111252.4  0.000      0      0      0      0      0      3.000   11.500  0.000
11/21/1989  23862     71   8275   7158     10   3271      0    855      0    366      0      0      0   0.00   0.00      0   0.00 19456.8  0.000 113879.7  0.000      0      0      0      0      0      3.000   10.200  0.000
11/22/1989  24161     68   8146   7248      8   3211      0    662      0    326      0      0      0   0.00   0.00      0   0.00 19377.2  0.000 113720.5  0.000      0      0      0      0      0      3.000    1.600  0.839
11/23/1989  24389     66   7908   7316      6   3204      0    579      0    186      0      0      0   0.00   0.00      0   0.00 19296.2  0.000 113560.5  0.000      0      0      0      0      0      3.000    1.000  0.382
11/24/1989  24597     64   7619   7379      4   3169      0    523      0     47      0      0      0   0.00   0.00      0   0.00 19213.7  0.000 113399.7  0.000      0      0      0      0      0      3.000   -0.400  0.000
11/25/1989  24747     60   7286   7424      3   3060      0    486      0     88      0      0      0   0.00   0.00      0   0.00 19129.9  0.000 113238.5  0.000      0      0      0      0      0      3.000    4.900  0.000
11/26/1989  23319     56   7002   6995      2   2920      0    413      0    224      0      0      0   0.00   0.00      0   0.00 19166.7  0.000 113480.0  0.000      0      0      0      0      0      3.000   12.900  0.000
11/27/1989  22840     52   6742   6852      1   2711      0    345      0    360      0      0      0   0.00   0.00      0   0.00 19201.3  0.000 113711.7  0.000      0      0      0      0      0      3.000   11.600  0.000
11/28/1989  21409     47   6489   6422      1   2590      0    255      0    461      0      0      0   0.00   0.00      0   0.00 19232.3  0.000 113924.3  0.000      0      0      0      0      0      3.000   16.000  0.000
11/29/1989  21685     42   6311   6505      1   2429      0    271      0    388      0      0      0   0.00   0.00      0   0.00 19158.6  0.000 113773.7  0.000      0      0      0      0      0      3.000    7.000  0.000
11/30/1989  21956     38   6254   6586      0   2163      0    379      0    305      0      0      0   0.00   0.00      0   0.00 19083.7  0.000 113622.2  0.000      0      0      0      0      0      3.000    4.300  0.000
12/01/1989  22128     33   6198   6638      0   1986      0    530      0    207      0      0      0   0.00   0.00      0   0.00 19120.5  0.000 114016.2  0.000      0      0      0      0      0      3.000    6.200  0.000
12/02/1989  22310     29   6148   6693      0   1781      0    612      0    195      0      0      0   0.00   0.00      0   0.00 19156.1  0.000 114399.8  0.000      0      0      0      0      0      3.000    6.100  0.000
12/03/1989  22543     26   6107   6762      0   1594      0    596      0    163      0      0      0   0.00   0.00      0   0.00 19078.8  0.000 114246.2  0.000      0      0      0      0      0      3.000    1.500  0.000
12/04/1989  22779     25   6060   6833      0   1492      0    513      0    109      0      0      0   0.00   0.00      0   0.00 19000.4  0.000 114091.7  0.000      0      0      0      0      0      3.000    1.300  0.000
12/05/1989  23019     24   6014   6905      0   1367      0    447      0    121      0      0      0   0.00   0.00      0   0.00 19042.1  0.000 114484.9  0.000      0      0      0      0      0      3.000    7.800  0.000
12/06/1989  20520     22   5923   6156      0   1295      0    298      0    220      0      0      0   0.00   0.00      0   0.00 19077.8  0.000 114674.6  0.000      0      0      0      0      0      3.000   12.600  0.000
12/07/1989  18849     20   5777   5654      0   1182      0    234      0    297      0      0      0   0.00   0.00      0   0.00 19109.3  0.000 114845.6  0.000      0      0      0      0      0      3.000   10.200  0.110
12/08/1989  18893     18   5494   5667      0   1170      0    263      0    221      0      0      0   0.00   0.00      0   0.00 19045.1  0.000 114705.5  0.000      0      0      0      0      0      3.000    0.300  1.280
12/09/1989  18964     16   5252   5689      0   1150      0    311      0    101      0      0      0   0.00   0.00      0   0.00 18980.1  0.000 114565.1  0.000      0      0      0      0      0      3.000   -3.000  0.630
12/10/1989  19011     14   4957   5703      0   1152      0    336      0      6      0      0      0   0.00   0.00      0   0.00 18914.3  0.000 114424.5  0.000      0      0      0      0      0      3.000   -0.800  0.000
12/11/1989  19148     12   4741   5744      0   1014      0    321      0     27      0      0      0   0.00   0.00      0   0.00 18847.5  0.000 114283.4  0.000      0      0      0      0      0      3.000    2.600  0.000
12/12/1989  19265     10   4492   5779      0    893      0    303      0     49      0      0      0   0.00   0.00      0   0.00 18779.8  0.000 114141.8  0.000      0      0      0      0      0      3.000    2.100  0.469
12/13/1989  19271      8   4199   5781      0    947      0    221      0     54      0      0      0   0.00   0.00      0   0.00 18711.3  0.000 114000.3  0.000      0      0      0      0      0      3.000    0.300  0.079
12/14/1989  19268      6   3969   5780      0   1048      0    128      0     44      0      0      0   0.00   0.00      0   0.00 18642.3  0.000 113858.7  0.000      0      0      0      0      0      3.000    1.500  0.000
12/15/1989  19246      4   3739   5773      0   1143      0     55      0     68      0      0      0   0.00   0.00      0   0.00 18572.9  0.000 113717.2  0.000      0      0      0      0      0      3.000    5.000  0.000
12/16/1989  19293      3   3634   5787      0   1080      0     54      0     63      0      0      0   0.00   0.00      0   0.00 18503.0  0.000 113575.6  0.000      0      0      0      0      0      3.000   -4.300  0.000
12/17/1989  19426      2   3557   5827      0    925      0     71      0     46      0      0      0   0.00   0.00      0   0.00 18432.5  0.000 113433.4  0.000      0      0      0      0      0      3.000   -4.800  0.000
12/18/1989  19540      1   3416   5862      0    789      0    117      0      0      0      0      0   0.00   0.00      0   0.00 18361.3  0.000 113290.8  0.000      0      0      0      0      0      3.000   -1.100  0.000
12/19/1989  19689      1   3306   5906      0    646      0     90      0      0      0      0      0   0.00   0.00      0   0.00 18289.3  0.000 113147.6  0.000      0      0      0      0      0      3.000   -2.400  0.161
12/20/1989  19750      1   3088   5925      0    586      0     68      0      0      0      0      0   0.00   0.00      0   0.00 18216.5  0.000 113004.2  0.000      0      0      0      0      0      3.000   -2.400  0.000
12/21/1989  19781      0   2847   5934      0    538      0     63      0      0      0      0      0   0.00   0.00      0   0.00 18143.1  0.000 112860.7  0.000      0      0      0      0      0      3.000   -1.000  0.000
12/22/1989  19831      0   2723   5949      0    483      0     46      0      0      0      0      0   0.00   0.00      0   0.00 18069.3  0.000 112717.0  0.000      0      0      0      0      0      3.000   -8.700  0.000
12/23/1989  19879      0   2588   5963      0    459      0      0      0      0      0      0      0   0.00   0.00      0   0.00 17995.0  0.000 112573.1  0.000      0      0      0      0      0      3.000   -8.800  0.000
12/24/1989  19878      0   2353   5963      0    438      0      0      0      0      0      0      0   0.00   0.00      0   0.00 17920.2  0.000 112429.3  0.000      0      0      0      0      0      3.000   -6.700  0.000
12/25/1989  19874      0   2114   5962      0    420      0      0      0      0      0      0      0   0.00   0.00      0   0.00 17844.9  0.000 112285.4  0.000      0      0      0      0      0      3.000   -4.500  0.000
12/26/1989  19934      0   1935   5980      0    338      0      0      0     15      0      0      0   0.00   0.00      0   0.00 17769.0  0.000 112141.3  0.000      0      0      0      0      0      3.000    1.300  0.000
12/27/1989  20032      0   1813   6009      0    218      0      0      0     15      0      0      0   0.00   0.00      0   0.00 17692.5  0.000 111996.9  0.000      0      0      0      0      0      3.000   -2.000  0.000
12/28/1989  20105      0   1713   6031      0    123      0      0      0     42      0      0      0   0.00   0.00      0   0.00 17615.5  0.000 111852.1  0.000      0      0      0      0      0      3.000    2.600  0.000
12/29/1989  20088      0   1654   6026      0    117      0     15      0     87      0      0      0   0.00   0.00      0   0.00 17538.5  0.000 111707.5  0.000      0      0      0      0      0      3.000    6.400  0.000
12/30/1989  19436      0   1562   5830      0    117      0     15      0    185      0      0      0   0.00   0.00      0   0.00 18236.8  0.000 113842.1  0.000      0      0      0      0      0      3.000   11.300  0.000
12/31/1989  19413      0   1494   5823      0    117      0     42      0    278      0      0      0   0.00   0.00      0   0.00 18162.2  0.000 113714.6  0.000      0      0      0      0      0      3.000   14.500  0.280
01/01/1990  19417      0   1362   5825      0     90      0    102      0    285      0      0      0   0.00   0.00      0   0.00 18087.2  0.000 113572.5  0.000      0      0      0      0      0      3.000    7.000  0.130
01/02/1990  19416      0   1245   5824      0     68      0    200      0    205      0      0      0   0.00   0.00      0   0.00 18012.0  0.000 113430.4  0.000      0      0      0      0      0      3.000    1.500  0.000
01/03/1990  19398      0   1222   5819      0     78      0    305      0    153      0      0      0   0.00   0.00      0   0.00 18081.2  0.000 113780.8  0.000      0      0      0      0      0      3.000    6.900  0.000
01/04/1990  18217      0   1220   5465      0     61      0    372      0    204      0      0      0   0.00   0.00      0   0.00 18144.0  0.000 113960.2  0.000      0      0      0      0      0      3.000   13.100  0.000
01/05/1990  17545      0   1266   5263      0     42      0    363      0    296      0      0      0   0.00   0.00      0   0.00 18202.5  0.000 114130.2  0.000      0      0      0      0      0      3.000   12.100  0.051
01/06/1990  17522      0   1197   5256      0    102      0    371      0    321      0      0      0   0.00   0.00      0   0.00 18134.8  0.000 114011.9  0.000      0      0      0      0      0      3.000    9.800  0.311
01/07/1990  17500      0   1042   5250      0    200      0    391      0    270      0      0      0   0.00   0.00      0   0.00 18066.7  0.000 113877.3  0.000      0      0      0      0      0      3.000    6.500  0.059
01/08/1990  17478      0    906   5243      0    320      0    381      0    212      0      0      0   0.00   0.00      0   0.00 17998.4  0.000 113742.7  0.000      0      0      0      0      0      3.000    4.800  0.500
01/09/1990  17456      0    736   5236      0    387      0    407      0    178      0      0      0   0.00   0.00      0   0.00 17929.9  0.000 113608.2  0.000      0      0      0      0      0      3.000    5.400  0.000
01/10/1990  17434      0    654   5230      0    405      0    456      0    191      0      0      0   0.00   0.00      0   0.00 18554.9  0.000 113917.7  0.000      0      0      0      0      0      3.000    7.500  0.000
01/11/1990  14151      0    601   4245      0    473      0    440      0    229      0      0      0   0.00   0.00      0   0.00 18591.6  0.000 114161.1  0.000      0      0      0      0      0      3.000    8.400  0.000
01/12/1990  14130      0    529   4239      0    591      0    381      0    244      0      0      0   0.00   0.00      0   0.00 18536.2  0.000 114040.6  0.000      0      0      0      0      0      3.000    7.100  0.000
01/13/1990  14109      0    459   4232      0    701      0    351      0    181      0      0      0   0.00   0.00      0   0.00 18480.7  0.000 113920.2  0.000      0      0      0      0      0      3.000    1.200  0.000
01/14/1990  14088      0    438   4226      0    794      0    348      0    131      0      0      0   0.00   0.00      0   0.00 18425.3  0.000 113799.9  0.000      0      0      0      0      0      3.000    3.300  0.000
01/15/1990  11879      0    420   3563      0    861      0    355      0    164      0      0      0   0.00   0.00      0   0.00 18458.9  0.000 113916.0  0.000      0      0      0      0      0      3.000   10.000  0.000
01/16/1990  11551      0    353   3465      0    898      0    320      0    266      0      0      0   0.00   0.00      0   0.00 18490.8  0.000 114027.8  0.000      0      0      0      0      0      3.000   12.000  0.000
01/17/1990  11067      0    233   3320      0    957      0    301      0    364      0      0      0   0.00   0.00      0   0.00 18520.7  0.000 114133.7  0.000      0      0      0      0      0      3.000   14.100  0.000
01/18/1990  10589      0    165   3176      0   1010      0    328      0    405      0      0      0   0.00   0.00      0   0.00 18548.8  0.000 114233.9  0.000      0      0      0      0      0      3.000   15.300  0.000
01/19/1990  10629      0    219   3188      0   1040      0    357      0    397      0      0      0   0.00   0.00      0   0.00 18506.5  0.000 114151.8  0.000      0      0      0      0      0      3.000   10.500  0.000
01/20/1990  10707      0    317   3212      0   1016      0    421      0    361      0      0      0   0.00   0.00      0   0.00 18463.8  0.000 114069.3  0.000      0      0      0      0      0      3.000    9.200  0.000
01/21/1990  10807      0    437   3242      0    913      0    552      0    369      0      0      0   0.00   0.00      0   0.00 18422.0  0.000 113986.2  0.000      0      0      0      0      0      3.000   15.100  0.902
01/22/1990  10854      0    477   3256      0    886      0    623      0    363      0      0      0   0.00   0.00      0   0.00 18452.6  0.000 114090.4  0.000      0      0      0      0      0      3.000    9.000  0.000
01/23/1990   8794      0    473   2638      0    975      0    618      0    375      0      0      0   0.00   0.00      0   0.00 18477.0  0.000 114173.8  0.000      0      0      0      0      0      3.000    9.600  0.000
01/24/1990   8844      0    536   2653      0   1026      0    655      0    331      0      0      0   0.00   0.00      0   0.00 18442.6  0.000 114102.0  0.000      0      0      0      0      0      3.000   10.100  0.051
01/25/1990   8944      0    637   2683      0   1046      0    622      0    392      0      0      0   0.00   0.00      0   0.00 18407.7  0.000 114029.6  0.000      0      0      0      0      0      3.000   16.200  0.390
01/26/1990   9036      0    701   2710      0   1084      0    588      0    349      0      0      0   0.00   0.00      0   0.00 18373.5  0.000 113934.1  0.000      0      0      0      0      0      3.000    5.600  0.409
01/27/1990   9111      0    794   2733      0   1102      0    589      0    303      0      0      0   0.00   0.00      0   0.00 18339.3  0.000 113838.2  0.000      0      0      0      0      0      3.000    5.000  0.000
01/28/1990   8959      0    861   2687      0   1137      0    653      0    246      0      0      0   0.00   0.00      0   0.00 18366.0  0.000 113925.1  0.000      0      0      0      0      0      3.000    8.700  0.000
01/29/1990   8994      0    913   2698      0   1241      0    568      0    338      0      0      0   0.00   0.00      0   0.00 18331.3  0.000 113852.5  0.000      0      0      0      0      0      3.000   13.900  0.272
01/30/1990   9036      0    972   2710      0   1287      0    529      0    378      0      0      0   0.00   0.00      0   0.00 18296.8  0.000 113757.0  0.000      0      0      0      0      0      3.000    8.000  0.000
01/31/1990   8849      0   1052   2654      0   1321      0    524      0    394      0      0      0   0.00   0.00      0   0.00 18323.8  0.000 113843.4  0.000      0      0      0      0      0      3.000    9.500  0.000
02/01/1990   8649      0   1142   2594      0   1343      0    575      0    362      0      0      0   0.00   0.00      0   0.00 18349.9  0.000 113927.2  0.000      0      0      0      0      0      3.000    9.900  0.000
02/02/1990   2740      0   1216    822      0   1435      0    515      0    455      0      0      0   0.00   0.00      0   0.00 18358.1  0.000 113953.0  0.000      0      0      0      0      0      3.000   16.600  0.000
02/03/1990   2326      0   1233    697      0   1489      0    569      0    419      0      0      0   0.00   0.00      0   0.00 18365.1  0.000 113974.8  0.000      0      0      0      0      0      3.000   16.800  0.012
02/04/1990   2358      0   1273    707      0   1515      0    634      0    353      0      0      0   0.00   0.00      0   0.00 18372.1  0.000 113996.8  0.000      0      0      0      0      0      3.000   14.600  0.020
02/05/1990   2457      0   1380    737      0   1517      0    724      0    186      0      0      0   0.00   0.00      0   0.00 18365.0  0.000 113948.3  0.000      0      0      0      0      0      3.000    6.000  0.000
02/06/1990   2568      0   1484    770      0   1561      0    650      0    138      0      0      0   0.00   0.00      0   0.00 18372.6  0.000 113989.9  0.000      0      0      0      0      0      3.000    8.000  0.000
02/07/1990   2200      0   1622    578      0   1529      0    609      0    136      0      0      0   0.00   0.00      0   0.00 18378.4  0.000 114007.5  0.000      0      0      0      0      0      3.000   12.900  0.098
02/08/1990   2286      0   1743    543      0   1506      0    516      0    138      0      0      0   0.00   0.00      0   0.00 18383.8  0.000 114023.9  0.000      0      0      0      0      0      3.000   10.300  0.000
02/09/1990   2202      0   1794    408      0   1526      0    426      0    140      0      0      0   0.00   0.00      0   0.00 18387.8  0.000 114035.7  0.000      0      0      0      0      0      3.000   14.700  0.189
02/10/1990   2296      0   1798    498      0   1623      0    290      0    111      0      0      0   0.00   0.00      0   0.00 18382.5  0.000 114008.8  0.000      0      0      0      0      0      3.000   14.500  1.118
02/11/1990   2444      0   1834    610      0   1556      0    235      0    101      0      0      0   0.00   0.00      0   0.00 18376.6  0.000 113960.5  0.000      0      0      0      0      0      3.000    7.700  0.000
02/12/1990   2541      0   1872    669      0   1516      0    213      0     86      0      0      0   0.00   0.00      0   0.00 18370.4  0.000 113911.1  0.000      0      0      0      0      0      3.000    7.300  0.000
02/13/1990   2646      0   1968    678      0   1434      0    215      0    100      0      0      0   0.00   0.00      0   0.00 18377.2  0.000 113932.0  0.000      0      0      0      0      0      3.000   12.000  0.000
02/14/1990   2696      0   2012    684      0   1363      0    198      0    139      0      0      0   0.00   0.00      0   0.00 18384.0  0.000 113953.0  0.000      0      0      0      0      0      3.000   16.400  0.000
02/15/1990   2762      0   2060    702      0   1260      0    163      0    183      0      0      0   0.00   0.00      0   0.00 18390.7  0.000 113961.1  0.000      0      0      0      0      0      3.000   18.900  0.000
02/16/1990   2824      0   2021    803      0   1223      0    177      0    209      0      0      0   0.00   0.00      0   0.00 18381.8  0.000 113669.7  0.000      0      0      0      0      0      3.000   18.500  1.220
02/17/1990   2810      0   1994    816      0   1200      0    197      0    211      0      0      0   0.00   0.00      0   0.00 18390.0  0.000 113695.9  0.000      0      0      0      0      0      3.000   13.100  0.000
02/18/1990   2910      0   2036    873      0   1125      0    235      0    173      0      0      0   0.00   0.00      0   0.00 18382.6  0.000 113642.9  0.000      0      0      0      0      0      3.000    6.000  0.181
02/19/1990   3065      0   2147    918      0    986      0    285      0    153      0      0      0   0.00   0.00      0   0.00 18375.0  0.000 113609.8  0.000      0      0      0      0      0      3.000    9.200  0.441
02/20/1990   3163      0   2194    948      0    908      0    322      0    136      0      0      0   0.00   0.00      0   0.00 18367.0  0.000 113554.5  0.000      0      0      0      0      0      3.000    7.500  0.000
02/21/1990   3280      0   2239    984      0    831      0    308      0    146      0      0      0   0.00   0.00      0   0.00 18376.9  0.000 113610.1  0.000      0      0      0      0      0      3.000    6.200  0.000
02/22/1990   3404      0   2280   1021      0    763      0    299      0    182      0      0      0   0.00   0.00      0   0.00 18368.2  0.000 113574.4  0.000      0      0      0      0      0      3.000   13.500  0.311
02/23/1990   3596      0   2405   1078      0    636      0    275      0    241      0      0      0   0.00   0.00      0   0.00 18358.9  0.000 113537.2  0.000      0      0      0      0      0      3.000   15.200  0.228
02/24/1990   3678      0   2477   1103      0    621      0    245      0    259      0      0      0   0.00   0.00      0   0.00 18349.4  0.000 113477.3  0.000      0      0      0      0      0      3.000    7.300  0.000
02/25/1990   3736      0   2502   1120      0    621      0    270      0    169      0      0      0   0.00   0.00      0   0.00 18339.7  0.000 113417.0  0.000      0      0      0      0      0      3.000   -1.500  0.000
02/26/1990   3761      0   2427   1128      0    623      0    343      0     62      0      0      0   0.00   0.00      0   0.00 18329.8  0.000 113356.5  0.000      0      0      0      0      0      3.000   -2.600  0.000
02/27/1990   3795      0   2349   1138      0    636      0    351      0     63      0      0      0   0.00   0.00      0   0.00 18319.0  0.000 113295.6  0.000      0      0      0      0      0      3.000    6.400  0.000
02/28/1990   3850      0   2274   1155      0    621      0    303      0    163      0      0      0   0.00   0.00      0   0.00 18330.9  0.000 113334.2  0.000      0      0      0      0      0      3.000   10.000  0.000
03/01/1990   3876      0   2160   1162      0    631      0    259      0    257      0      0      0   0.00   0.00      0   0.00 18320.0  0.000 113272.8  0.000      0      0      0      0      0      3.000    8.500  0.000
03/02/1990   3911      0   2092   1173      0    678      0    232      0    304      0      0      0   0.00   0.00      0   0.00 18308.7  0.000 113233.2  0.000      0      0      0      0      0      3.000    9.400  0.071
03/03/1990   3938      0   2024   1181      0    751      0    225      0    335      0      0      0   0.00   0.00      0   0.00 18296.7  0.000 113193.4  0.000      0      0      0      0      0      3.000   10.900  0.610
03/04/1990   3955      0   1892   1186      0    789      0    257      0    327      0      0      0   0.00   0.00      0   0.00 18284.4  0.000 113131.3  0.000      0      0      0      0      0      3.000    6.200  0.000
03/05/1990   3927      0   1815   1178      0    761      0    367      0    329      0      0      0   0.00   0.00      0   0.00 18296.7  0.000 113200.9  0.000      0      0      0      0      0      3.000    7.800  0.000
03/06/1990   3966      0   1749   1189      0    713      0    498      0    366      0      0      0   0.00   0.00      0   0.00 18309.1  0.000 113241.0  0.000      0      0      0      0      0      3.000   12.300  0.000
03/07/1990   4021      0   1700   1206      0    713      0    521      0    359      0      0      0   0.00   0.00      0   0.00 18296.2  0.000 113178.3  0.000      0      0      0      0      0      3.000    4.800  0.000
03/08/1990   4085      0   1606   1225      0    741      0    533      0    307      0      0      0   0.00   0.00      0   0.00 18282.7  0.000 113115.1  0.000      0      0      0      0      0      3.000    3.300  0.020
03/09/1990   4151      0   1609   1245      0    761      0    607      0    297      0      0      0   0.00   0.00      0   0.00 18295.7  0.000 113157.4  0.000      0      0      0      0      0      3.000    9.500  0.079
03/10/1990   4206      0   1608   1261      0    806      0    576      0    463      0      0      0   0.00   0.00      0   0.00 18308.7  0.000 113200.1  0.000      0      0      0      0      0      3.000   16.000  0.000
03/11/1990   4229      0   1533   1268      0    903      0    505      0    697      0      0      0   0.00   0.00      0   0.00 18322.0  0.000 113211.2  0.000      0      0      0      0      0      3.000   20.000  0.000
03/12/1990   4271      0   1424   1281      0    935      0    577      0    875      0      0      0   0.00   0.00      0   0.00 18335.4  0.000 113221.0  0.000      0      0      0      0      0      3.000   23.200  0.000
03/13/1990   4306      0   1366   1291      0    999      0    710      0    980      0      0      0   0.00   0.00      0   0.00 18348.7  0.000 113231.1  0.000      0      0      0      0      0      3.000   22.900  0.000
03/14/1990   4336      0   1285   1300      0   1123      0    836      0   1043      0      0      0   0.00   0.00      0   0.00 18362.1  0.000 113242.5  0.000      0      0      0      0      0      3.000   22.500  0.000
03/15/1990   4411      0   1244   1323      0   1112      0   1093      0   1068      0      0      0   0.00   0.00      0   0.00 18375.6  0.000 113255.1  0.000      0      0      0      0      0      3.000   21.600  0.000
03/16/1990   4193      0   1152   1257      0   1065      0   1383      1   1103      0      0      0   0.00   0.00      0   0.00 18388.2  0.000 113264.9  0.000      0      0      0      0      0      3.000   22.800  0.000
03/17/1990   4240      0   1125   1272      0   1161      0   1582      1   1099      0      0      0   0.00   0.00      0   0.00 18377.5  0.000 112688.3  0.000      0      0      0      0      0      3.000   20.000  0.740
03/18/1990   4224      0   1060   1267      0   1406      0   1698      1   1015      0      0      0   0.00   0.00      0   0.00 18389.9  0.000 112732.9  0.000      0      0      0      0      0      3.000   13.800  0.012
03/19/1990   4173      0   1028   1251      0   1700      1   1789      0    910      0      0      0   0.00   0.00      0   0.00 18402.0  0.000 112776.8  0.000      0      0      0      0      0      3.000   13.600  0.000
03/20/1990   4220      0   1050   1266      0   1973      1   1806      0    671      0      0      0   0.00   0.00      0   0.00 18386.5  0.000 112712.5  0.000      0      0      0      0      0      3.000    4.600  0.039
03/21/1990   4304      0   1087   1291      0   2223      1   1733      0    564      0      0      0   0.00   0.00      0   0.00 18399.0  0.000 112791.8  0.000      0      0      0      0      0      3.000    7.200  0.000
03/22/1990   3504      0   1147   1051      0   2486      1   1656      0    567      0      0      0   0.00   0.00      0   0.00 18409.0  0.000 112828.3  0.000      0      0      0      0      0      3.000   13.000  0.000
03/23/1990   3024      0   1214    907      0   2737      1   1409      0    748      0      0      0   0.00   0.00      0   0.00 18417.7  0.000 112859.7  0.000      0      0      0      0      0      3.000   16.900  0.000
03/24/1990   3020      0   1311    906      0   2991      1   1194      0    770      0      0      0   0.00   0.00      0   0.00 18426.4  0.000 112891.0  0.000      0      0      0      0      0      3.000   11.700  0.000
03/25/1990   3090      0   1373    927      0   3258      1   1124      0    608      0      0      0   0.00   0.00      0   0.00 18416.2  0.000 112836.3  0.000      0      0      0      0      0      3.000    6.900  0.000
03/26/1990   3186      0   1457    955      1   3423      0   1142      0    485      0      0      0   0.00   0.00      0   0.00 18425.4  0.000 112869.3  0.000      0      0      0      0      0      3.000   10.300  0.000
03/27/1990   3254      0   1577    976      1   3535      0   1054      0    452      0      0      0   0.00   0.00      0   0.00 18434.7  0.000 112903.0  0.000      0      0      0      0      0      3.000    9.200  0.000
03/28/1990   2947      0   1593    884      1   3570      0   1061      0    492      0      0      0   0.00   0.00      0   0.00 18443.1  0.000 112933.4  0.000      0      0      0      0      0      3.000    9.400  0.000
03/29/1990   2991      0   1581    897      1   3680      0   1063      0    442      0      0      0   0.00   0.00      0   0.00 18433.9  0.000 112879.7  0.000      0      0      0      0      0      3.000    7.900  2.650
03/30/1990   3133      0   1665    939      1   3805      0    939      0    429      0      0      0   0.00   0.00      0   0.00 18424.1  0.000 112846.0  0.000      0      0      0      0      0      3.000    9.300  0.000
03/31/1990   3362      0   1845   1008      1   3855      0    805      0    460      0      0      0   0.00   0.00      0   0.00 18415.2  0.000 112810.6  0.000      0      0      0      0      0      3.000   12.400  0.799
04/01/1990   3563      0   2105   1068      1   3753      0    735      0    598      0      0      0   0.00   0.00      0   0.00 18425.6  0.000 112847.7  0.000      0      0      0      0      0      3.000   17.800  0.000
04/02/1990   3899      0   2387   1169      1   3538      0    760      0    709      0      0      0   0.00   0.00      0   0.00 18415.5  0.000 112808.2  0.000      0      0      0      0      0      3.000   17.900  0.402
04/03/1990   4249      0   2689   1274      1   3360      0    780      0    698      0      0      0   0.00   0.00      0   0.00 18428.0  0.000 112852.6  0.000      0      0      0      0      0      3.000   10.900  0.000
04/04/1990   4375      0   3002   1312      1   3162      0    881      0    609      0      0      0   0.00   0.00      0   0.00 18440.8  0.000 112898.3  0.000      0      0      0      0      0      3.000    9.800  0.000
04/05/1990   4649      0   3273   1376      1   2962      0    977      0    567      0      0      0   0.00   0.00      0   0.00 18454.1  0.000 112945.9  0.000      0      0      0      0      0      3.000   14.300  0.000
04/06/1990   5034      0   3551   1483      1   2699      0   1036      0    624      0      0      0   0.00   0.00      0   0.00 18442.1  0.000 112898.3  0.000      0      0      0      0      0      3.000   16.100  0.382
04/07/1990   5387      0   3842   1545      1   2492      0   1061      0    591      0      0      0   0.00   0.00      0   0.00 18429.3  0.000 112825.4  0.000      0      0      0      0      0      3.000    7.600  0.272
04/08/1990   5664      0   4119   1545      1   2407      0   1084      0    514      0      0      0   0.00   0.00      0   0.00 18444.2  0.000 112919.6  0.000      0      0      0      0      0      3.000    7.300  0.000
04/09/1990   5724      1   4399   1324      0   2387      0   1062      0    470      0      0      0   0.00   0.00      0   0.00 18456.8  0.000 112964.5  0.000      0      0      0      0      0      3.000   10.800  0.000
04/10/1990   5566      1   4450   1115      0   2530      0    943      0    588      0      0      0   0.00   0.00      0   0.00 18467.2  0.000 113001.4  0.000      0      0      0      0      0      3.000   17.500  0.000
04/11/1990   5685      1   4520   1164      0   2541      0    900      0    651      0      0      0   0.00   0.00      0   0.00 18478.0  0.000 113040.0  0.000      0      0      0      0      0      3.000   14.600  0.000
04/12/1990   5968      1   4709   1258      0   2429      0    923      0    590      0      0      0   0.00   0.00      0   0.00 18489.6  0.000 113113.9  0.000      0      0      0      0      0      3.000    8.400  0.000
04/13/1990   6150      1   4894   1255      0   2349      0    964      0    498      0      0      0   0.00   0.00      0   0.00 18501.1  0.000 113155.1  0.000      0      0      0      0      0      3.000   10.000  0.000
04/14/1990   6318      1   4955   1362      0   2395      0    927      0    504      0      0      0   0.00   0.00      0   0.00 18513.5  0.000 113200.1  0.000      0      0      0      0      0      3.000   13.200  0.059
04/15/1990   6439      1   4990   1448      0   2412      0    922      0    629      0      0      0   0.00   0.00      0   0.00 18498.6  0.000 113143.2  0.000      0      0      0      0      0      3.000   16.200  0.209
